[-0.49460949726067105, -0.45524491412507506, 0.7403410112914997, -0.08592965148282677, -0.2534244711589615, 0.8903552641029152, 0.3781891612896926, -0.2891182533428832, -0.8313352088890228, -0.0005645783289095112, -0.5557590712555921, 0.3849242286959056, 0.0, 0.0, 0.0, 1.0]
[-0.4847569883837327, -0.4906909372245838, 0.7240330836188745, -0.0739741512722773, -0.27186814142789384, 0.8713218451763237, 0.40849714253498176, -0.3118815697334167, -0.8313116881115558, 0.0011803158028479948, -0.5557932874424615, 0.3846379080253981, 0.0, 0.0, 0.0, 1.0]
[-0.47312303524050825, -0.5268647149169462, 0.7060867591151777, -0.06042579629461242, -0.29196418853911627, 0.8499367629813497, 0.43857594753511775, -0.3348730185737788, -0.8311992859938657, 0.0013483358180195221, -0.5559609939967896, 0.38461790842809807, 0.0, 0.0, 0.0, 1.0]
[-0.4604944527176968, -0.5619712398392613, 0.6871120879027909, -0.04593449515895687, -0.3112580717277545, 0.8271435876499296, 0.4679068927768989, -0.3571987863882159, -0.8312905741687184, 0.0015993449706821355, -0.5558238195235385, 0.38452467556380143, 0.0, 0.0, 0.0, 1.0]
[-0.4468905864306718, -0.5961286693157976, 0.6670147870566986, -0.03047294799735828, -0.3301801097407269, 0.8028753769086174, 0.4963443505632631, -0.37895073871982937, -0.8314148457854599, 0.0015766023056992815, -0.5556379752245516, 0.3844883644268706, 0.0, 0.0, 0.0, 1.0]
[-0.4327624567705875, -0.6292745896683676, 0.6455376959088259, -0.014156864101364297, -0.3484883821603226, 0.7771685895191566, 0.523976014546657, -0.4000334451895421, -0.8314164121608225, 0.001794760073303189, -0.5556349695083327, 0.38440022982108407, 0.0, 0.0, 0.0, 1.0]
[-0.4177622321520338, -0.6614071658021604, 0.6228992660003252, 0.0031203137710968387, -0.36628795532239233, 0.7500117651182494, 0.5507286740091899, -0.42041169429513986, -0.831437669386166, 0.0019131416491308317, -0.5556027646082545, 0.38439222258231187, 0.0, 0.0, 0.0, 1.0]
[-0.4018837127791444, -0.692350437525651, 0.5992729046846988, 0.021216054239503346, -0.3833150085070199, 0.7215452922073623, 0.5765666854224148, -0.4400548496520143, -0.831588740037599, 0.0020024616450833826, -0.5553763075355069, 0.3842713356724355, 0.0, 0.0, 0.0, 1.0]
[-0.38534080763422623, -0.7219880615408105, 0.574658860429724, 0.04009148075475932, -0.39978701210797984, 0.6918889141832542, 0.6012052738217958, -0.4589093586977194, -0.8316631252032187, 0.0019277769758709652, -0.5552651734608163, 0.3842316439008691, 0.0, 0.0, 0.0, 1.0]
[-0.3680790588861764, -0.7505888231433698, 0.5487447215152484, 0.05988213093819128, -0.4155983217692661, 0.6607519508877655, 0.6250385291410367, -0.4769797359412316, -0.8317310792877975, 0.0020062082323522514, -0.5551631000871382, 0.384162903595956, 0.0, 0.0, 0.0, 1.0]
[-0.3503979807349664, -0.7775408100844138, 0.5221470480322837, 0.08019969486028122, -0.43047138018621833, 0.6288136019563255, 0.6475157636008005, -0.49415343063656036, -0.8318030973966368, 0.002118855633163306, -0.5550547685766192, 0.3841026085855216, 0.0, 0.0, 0.0, 1.0]
[-0.33193463668514206, -0.803254277946555, 0.49455780035926, 0.10131368940611557, -0.44474919244685956, 0.5956164848405494, 0.6689009792867413, -0.5105501652654226, -0.8318643517351716, 0.0020772212098039283, -0.5549631177051758, 0.38405333595362007, 0.0, 0.0, 0.0, 1.0]
[-0.31282672352564905, -0.827664450435588, 0.46593553760565104, 0.12319357699238376, -0.45816438022201805, 0.5612019788449302, 0.6892950269781418, -0.5258949081961888, -0.8319889354103152, 0.0021548380215901243, -0.5547760274014513, 0.3839724842559777, 0.0, 0.0, 0.0, 1.0]
[-0.293121963894437, -0.8505454875446935, 0.43661917633202074, 0.1456301796776121, -0.4709844430791225, 0.5258795210198668, 0.7082476885169814, -0.5404465968940574, -0.8320059588496498, 0.001962113779391201, -0.5547512114177857, 0.3839977604726977, 0.0, 0.0, 0.0, 1.0]
[-0.2729986831180943, -0.8718329109271207, 0.4066485277140395, 0.16862937771784886, -0.4827260771890776, 0.48978007182560007, 0.7260040705846332, -0.5540104040173256, -0.8321225873142966, 0.0018983066298685573, -0.5545764729976803, 0.383939223646977, 0.0, 0.0, 0.0, 1.0]
[-0.252212787467278, -0.8917536668402529, 0.3756961164881851, 0.1923248692117967, -0.4939158565449666, 0.4524966820199754, 0.7424858518953521, -0.5666130634984385, -0.8321157271633831, 0.0017021571856635999, -0.5545874032025333, 0.3840089418355657, 0.0, 0.0, 0.0, 1.0]
[-0.23150926770819538, -0.9098201371158261, 0.344403553478067, 0.2161919787557029, -0.5037692080621495, 0.41497525279907155, 0.7576304658791266, -0.5781789864191444, -0.8322264060187337, 0.0018985689596595246, -0.5544206611621337, 0.38383843535018763, 0.0, 0.0, 0.0, 1.0]
[-0.21006098617265828, -0.9264623817123592, 0.31228906786716204, 0.24074481892939212, -0.5131118415392988, 0.3763574801736718, 0.7714035836751222, -0.588769853537443, -0.8322087280613729, 0.001802578818008376, -0.5544475170688724, 0.38387479429248866, 0.0, 0.0, 0.0, 1.0]
[-0.18833170759784512, -0.9414234748439728, 0.2797056704795557, 0.2656340563767773, -0.5213342803534355, 0.33719326604568023, 0.7839029579395042, -0.5982997058201733, -0.832299515164375, 0.0018136282295141803, -0.5543111855585077, 0.3837946308680245, 0.0, 0.0, 0.0, 1.0]
[-0.16615906316754125, -0.9547790420077594, 0.24651584854381348, 0.29102849857567725, -0.5288612741064054, 0.2972789814065231, 0.7949363957942929, -0.6068371490099327, -0.8322725907892455, 0.0017132010546586209, -0.5543519306887125, 0.3838375136049753, 0.0, 0.0, 0.0, 1.0]
[-0.14386683508195613, -0.9664381171157227, 0.2127940747676482, 0.3167017292067274, -0.5352310282450771, 0.25685519887047864, 0.8047026577514927, -0.6141758086278538, -0.8323525857882746, 0.0018760331103977075, -0.5542312823645598, 0.3837061546940205, 0.0, 0.0, 0.0, 1.0]
[-0.1211992571649797, -0.9763957939922968, 0.17872704173290688, 0.3426926680485575, -0.5407954634905869, 0.215936293807521, 0.8129607955246362, -0.620503380579975, -0.8323651564258722, 0.0018754711495879853, -0.5542124046729328, 0.38363199351200306, 0.0, 0.0, 0.0, 1.0]
[-0.0984185928145721, -0.9845690393755823, 0.14463311150341807, 0.3687663894618144, -0.5452645319127837, 0.17493209751484615, 0.8198042681044739, -0.6258100822351345, -0.8324548742890157, 0.0018206766072216664, -0.5540778149813685, 0.3835783450909538, 0.0, 0.0, 0.0, 1.0]
[-0.07538704813394356, -0.9910341914514054, 0.11022252562482096, 0.3951068585425431, -0.5489583326522999, 0.13352567047074743, 0.8251118099571074, -0.6299941207123885, -0.832431552072881, 0.001695169845394843, -0.5541132518846592, 0.3836158908656049, 0.0, 0.0, 0.0, 1.0]
[-0.05237818190429887, -0.9957697748163717, 0.07536536260223113, 0.42161587920467375, -0.5514725644559733, 0.09175957476142697, 0.8291273566695138, -0.6329770811347089, -0.832535454869017, 0.0018662537240595762, -0.5539565764047386, 0.3834372791618013, 0.0, 0.0, 0.0, 1.0]
[-0.02914700585320189, -0.998745875642813, 0.040471055981351575, 0.4482657033980275, -0.5532392956959643, 0.049839882178006015, 0.8315265041088209, -0.6348635269423135, -0.8325007391281014, 0.0018463293751574468, -0.554008814543882, 0.3834994007699587, 0.0, 0.0, 0.0, 1.0]
[-0.005596188050362117, -0.9999586866323269, 0.005661733500206977, 0.4750229486199077, -0.5539244833342674, 0.007813641935049366, 0.8325266992716391, -0.635670109276089, -0.8325365435483167, 0.0015228031621931045, -0.5539559908274686, 0.38352809786888903, 0.0, 0.0, 0.0, 1.0]
[0.017539537868137865, -0.9994017708017361, -0.029482685872933886, 0.5017078895013267, -0.5535790615819481, -0.0342617339718105, 0.8320879961523638, -0.6352907547451412, -0.8326003447576934, 0.0017265586603168158, -0.5538594929157227, 0.38337597503286547, 0.0, 0.0, 0.0, 1.0]
[0.040963427396521694, -0.9970809000950132, -0.0642845451593192, 0.5284167116905295, -0.5523435764928876, -0.07621133781889854, 0.8301219306542098, -0.6337968402840376, -0.8325979329929807, 0.0015025161499027987, -0.5538637716086752, 0.38345494047963086, 0.0, 0.0, 0.0, 1.0]
[0.06421071639442187, -0.9929857628680556, -0.09918263426202685, 0.5550559702493465, -0.5501143848780637, -0.1181432698306463, 0.8266862984288237, -0.6311943092374469, -0.8326054854200475, 0.001479674382073168, -0.5538524795023445, 0.38343754811145164, 0.0, 0.0, 0.0, 1.0]
[0.08696153884574624, -0.9871150220146552, -0.1342487168242763, 0.5816338963456232, -0.5466209292289449, -0.15994078292546343, 0.8219600113949552, -0.6273706509958877, -0.8328409196189109, 0.0019042508777071393, -0.5534970837309268, 0.38302300211131846, 0.0, 0.0, 0.0, 1.0]
[0.11029559174671538, -0.979564966264497, -0.16813283578410754, 0.6077935374638411, -0.542762795285728, -0.20107584339989215, 0.8154572967976709, -0.6226975010803606, -0.832600851186253, 0.0013149028350225936, -0.5538598619060873, 0.3834705470610246, 0.0, 0.0, 0.0, 1.0]
[0.13300019402486613, -0.9702348742565574, -0.20232837721545358, 0.6338593697845372, -0.5374180642743895, -0.24212260292997265, 0.8078067713798122, -0.6167055150963034, -0.8327505745912905, 0.0012964675027917658, -0.5536347603666925, 0.3832830255603701, 0.0, 0.0, 0.0, 1.0]
[0.15549037006466948, -0.9591761111895023, -0.23619007915314133, 0.6596982309803837, -0.5314475869718962, -0.28277212327954154, 0.7984963438899587, -0.6096419718206625, -0.8326865881111027, 0.0013641556259028124, -0.5537308328998862, 0.38331971776052304, 0.0, 0.0, 0.0, 1.0]
[0.17772095508132985, -0.9464674855984345, -0.269437758012324, 0.6851310242432752, -0.5242494320746307, -0.32276708950503713, 0.7880207113570745, -0.601617517533289, -0.8328016222340201, 0.0012047981711744502, -0.5535581749279681, 0.3832245404831624, 0.0, 0.0, 0.0, 1.0]
[0.19945600786497608, -0.9320364875604557, -0.3025025545220575, 0.7102560239061535, -0.5164332243465046, -0.36233490202923463, 0.7758881883860478, -0.5924130471494532, -0.8327633352993199, 0.0014668089998107056, -0.5536151403553252, 0.38319356419340944, 0.0, 0.0, 0.0, 1.0]
[0.22141211224285928, -0.9159170812049571, -0.3347468912859478, 0.7350901218049685, -0.5074499304588077, -0.40134220551681693, 0.7625030773785645, -0.5821084016652897, -0.8327376486809727, 0.001039869750287866, -0.5536547441886622, 0.3833109941544678, 0.0, 0.0, 0.0, 1.0]
[0.24233733237110883, -0.898266629481155, -0.3665692481618393, 0.7592589034723038, -0.49774816510727776, -0.4394271817184156, 0.7477580011054812, -0.5709555919671646, -0.832766550944982, 0.0012494914102548433, -0.553610836314463, 0.38318522260764, 0.0, 0.0, 0.0, 1.0]
[0.26330585105290655, -0.8789758647115468, -0.39756162794012984, 0.7830713642612382, -0.48698116363778005, -0.4768451633392237, 0.7317507038671026, -0.5586413846122006, -0.8327665470973882, 0.0009307823517238459, -0.5536114696965676, 0.3832840970836944, 0.0, 0.0, 0.0, 1.0]
[0.28346252284812173, -0.8582038796127257, -0.42792449295968854, 0.8062111271300572, -0.4755592629643349, -0.5132892484262251, 0.7144005234654227, -0.5455461600158852, -0.8327503422098398, 0.000997681770768613, -0.5536357289748591, 0.38325863246526415, 0.0, 0.0, 0.0, 1.0]
[0.3032156516827526, -0.8358577745197863, -0.45758805447249123, 0.8288654875177937, -0.46319643665792676, -0.5489276519886015, 0.6957855715765664, -0.5312599611996422, -0.832760515720583, 0.0009800807718461214, -0.5536204573441551, 0.38328368818144287, 0.0, 0.0, 0.0, 1.0]
[0.3227129726140621, -0.8119514887951412, -0.4863912199868761, 0.8509808617426293, -0.44994421823138536, -0.5837079683421532, 0.6758881197115991, -0.5160353881919074, -0.8326987958967824, 0.0007310529649454555, -0.5537136721739832, 0.38344479946743404, 0.0, 0.0, 0.0, 1.0]
[0.341250437329594, -0.7867104007495755, -0.5144129917148206, 0.8723199996969077, -0.4360086111435082, -0.6173060947205601, 0.6548424844335978, -0.4999876239695169, -0.8327216683455992, 0.0008232098767926654, -0.553679144031849, 0.38336983703247113, 0.0, 0.0, 0.0, 1.0]
[0.359564133487138, -0.7599889704687888, -0.5414026126489772, 0.8930700592450265, -0.42120274473486274, -0.6499208984213788, 0.6325974432608054, -0.48297853468796115, -0.8326359520454725, 0.000580914922124503, -0.5538083475325684, 0.383505405872639, 0.0, 0.0, 0.0, 1.0]
[0.376451575887804, -0.7320729815108598, -0.5677502212280519, 0.9129088234000716, -0.40570470975481493, -0.6812114341987275, 0.6093788368461825, -0.46526668222157636, -0.8328677244290108, 0.0009373152731364038, -0.5534592302053439, 0.383112023671807, 0.0, 0.0, 0.0, 1.0]
[0.3934181976693416, -0.7026682277005969, -0.5928465208236758, 0.9321748460697189, -0.3893498174899529, -0.7115037746511996, 0.5849413925774494, -0.446538730873006, -0.8328322689859918, 0.0006980962722368576, -0.5535129357086582, 0.3831638189119182, 0.0, 0.0, 0.0, 1.0]
[0.40934621341320154, -0.6722259977750089, -0.6168759671743467, 0.9504974882149062, -0.37250592934270155, -0.7403326461180878, 0.5595834892053478, -0.42725984198397227, -0.8328599864743246, 0.0007265730467015908, -0.5534711914196463, 0.38306476358941255, 0.0, 0.0, 0.0, 1.0]
[0.4246814629662374, -0.6403460279184038, -0.6399931658572872, 0.9680980693678511, -0.3547564282551793, -0.7680737577220746, 0.533101114124285, -0.4069307642056734, -0.8329311367248149, 0.0006435285720232659, -0.5533642107829283, 0.38301528396582313, 0.0, 0.0, 0.0, 1.0]
[0.43952295312578377, -0.6075646771510133, -0.6615692784842837, 0.9847833367257328, -0.3366717275424939, -0.7942579664375551, 0.5057589369609367, -0.38612173602566535, -0.832737935037399, 0.0004390103335169014, -0.5536551159791876, 0.3833362045932277, 0.0, 0.0, 0.0, 1.0]
[0.4531826367831525, -0.5735817155555396, -0.6823629714549115, 1.0005696076881723, -0.3179245294332345, -0.8191363876202917, 0.47741460725364193, -0.36449392855763824, -0.8327846289432426, 0.0005839160484677454, -0.5535847432580441, 0.3832384609773616, 0.0, 0.0, 0.0, 1.0]
[0.4661429884967829, -0.5386972255133154, -0.7017878900865262, 1.015400382302228, -0.29846254118312493, -0.8424879099039316, 0.4484627657214759, -0.342370352711631, -0.8328334603550748, 0.00040962320382677427, -0.5535114317603083, 0.38319393547133196, 0.0, 0.0, 0.0, 1.0]
[0.47822992924321667, -0.5027825382403509, -0.7200670688094085, 1.0293319713976785, -0.27863427129054824, -0.8644016590613289, 0.4185174236366302, -0.3195677226480854, -0.8328504214681177, 0.00048780510523167695, -0.5534858467285174, 0.38310815124173303, 0.0, 0.0, 0.0, 1.0]
[0.4894018652238235, -0.4660037224518152, -0.7371007749447933, 1.0422744723110577, -0.2582084709529165, -0.8847717533617565, 0.387931661894365, -0.2961479985206462, -0.8329435435519073, 0.00047118512622512784, -0.5533457086448413, 0.38297760317894486, 0.0, 0.0, 0.0, 1.0]
[0.5001184504779405, -0.42839140217816574, -0.7525649427138865, 1.0542163799911508, -0.23736235558436525, -0.9035825790339714, 0.35662421474720596, -0.2723277235285413, -0.8327793192342093, 0.0002762378504959754, -0.5535929700185719, 0.38325548843916235, 0.0, 0.0, 0.0, 1.0]
[0.5097270831016412, -0.3899155661985228, -0.7669003992271604, 1.0652066566958687, -0.21619050889957228, -0.9208400754392382, 0.3244965231565393, -0.24781244617581577, -0.8327188670347546, 0.00039192135899810315, -0.5536838304705488, 0.383309451414506, 0.0, 0.0, 0.0, 1.0]
[0.5182280495571061, -0.3509247369035603, -0.7799256220525743, 1.075092568066191, -0.19439642533058824, -0.9363933644791783, 0.292164144140929, -0.22306375343218593, -0.8328448026926356, 0.00020709838208092654, -0.553494477790252, 0.3830909545123441, 0.0, 0.0, 0.0, 1.0]
[0.526008450655933, -0.3111788631147502, -0.7915021373866445, 1.0839314433566232, -0.17247092265045724, -0.9503411966343762, 0.2590124115978907, -0.19775557358058427, -0.8327962761563319, 0.0002683865896203297, -0.5535674639559465, 0.38321469899827315, 0.0, 0.0, 0.0, 1.0]
[0.5325587767663341, -0.2710089601672304, -0.8018281724058961, 1.0916922214603946, -0.1502983623845694, -0.9625667352644732, 0.22551587192640857, -0.17230594849424263, -0.8329299481078051, 0.0004130043318968798, -0.5533662200075933, 0.3829606697032239, 0.0, 0.0, 0.0, 1.0]
[0.538518984476364, -0.2302854604722605, -0.8105302619009624, 1.0983970498878635, -0.12759133422914054, -0.9731132113683805, 0.19170963406224611, -0.14643611926386937, -0.8328856474266931, 0.00017736009950233535, -0.5534330228225245, 0.38304622630836577, 0.0, 0.0, 0.0, 1.0]
[0.5435919900798478, -0.18904524130442263, -0.8177794737749619, 1.1040474003391894, -0.10469675528783993, -0.9819585738711987, 0.15740766363681213, -0.12016149633272101, -0.8327827355645872, 5.331231508155579e-05, -0.5535878969962645, 0.383153880394066, 0.0, 0.0, 0.0, 1.0]
[0.5474955944355695, -0.1476156456097798, -0.8236819801656012, 1.108511960642644, -0.08168398398859286, -0.9890350685001678, 0.12295689494224527, -0.09387535036056176, -0.8328007251045128, -3.673260681694228e-05, -0.5535608345400133, 0.3831852115308588, 0.0, 0.0, 0.0, 1.0]
[0.5503824206435307, -0.10586923514969526, -0.8281695768502194, 1.1119127380952478, -0.05853064915379739, -0.9943703763671154, 0.08821912748270491, -0.06734634423751229, -0.8328469853805145, -8.095398852229723e-05, -0.5534912262411383, 0.3830647414557723, 0.0, 0.0, 0.0, 1.0]
[0.5522621632738451, -0.06388277404367439, -0.8312157021134844, 1.1141742511971326, -0.035313343776719894, -0.9979477620950199, 0.05323563981000579, -0.04065223520720139, -0.8329106900914457, -4.702376339997487e-05, -0.5533953588656183, 0.38296892715645736, 0.0, 0.0, 0.0, 1.0]
[0.5533492822613257, -0.021975039774300903, -0.832655850172156, 1.115345756352246, -0.012201871307690466, -0.9997488896431242, 0.018276359762313687, -0.014077131033309992, -0.8328483853971708, 4.674897057019124e-05, -0.5534891235136628, 0.38300177650002293, 0.0, 0.0, 0.0, 1.0]
[0.5532990150661223, 0.0201580414720337, -0.8327352227533014, 1.1153625133362872, 0.011260212682382956, -0.9997871696296791, -0.01672050651513612, 0.012744505470334315, -0.8328950440712289, -0.00012533593008215872, -0.5534188950947435, 0.3830117100065446, 0.0, 0.0, 0.0, 1.0]
[0.551924483700564, 0.06214401684335695, -0.8315717323861843, 1.1142406466972798, 0.03454366585635236, -0.9980575246702703, -0.05165956717220952, 0.039456732685709255, -0.8331667578235938, -0.00021335611942002977, -0.5530097133105532, 0.38267381771909836, 0.0, 0.0, 0.0, 1.0]
[0.5497663976679397, 0.1039760112333238, -0.8288183574858897, 1.112028487139948, 0.05772076462438592, -0.9945700828344836, -0.08648441806242357, 0.06598615183267387, -0.833310247283448, -0.00029380235622646447, -0.5527934295257096, 0.3823918908575033, 0.0, 0.0, 0.0, 1.0]
[0.5472379840140154, 0.14577993635631606, -0.8241799706449856, 1.1087052303608886, 0.08096972654305136, -0.9893072335670938, -0.12122759934369073, 0.09262235510528563, -0.8330397584371515, -0.0003932797736843691, -0.5532009084817161, 0.3828510660208593, 0.0, 0.0, 0.0, 1.0]
[0.5430369098235708, 0.1871961044007838, -0.8185732592389079, 1.1042036716738552, 0.10383154717682745, -0.9823126784603595, -0.1557627220078152, 0.11892313005140448, -0.8332530655697233, -0.00040882075952224946, -0.5528795471815788, 0.3825171460671865, 0.0, 0.0, 0.0, 1.0]
[0.538078470940549, 0.22826159091863016, -0.8113948654164891, 1.0986454284636913, 0.12649876712882557, -0.9735898680394686, -0.1900059808206291, 0.1449402388461169, -0.8333368874149135, -0.00040232250032182145, -0.5527531995639178, 0.38235841080600325, 0.0, 0.0, 0.0, 1.0]
[0.5322870517682858, 0.2690211696321358, -0.8026775543853215, 1.0919721717357593, 0.14919588387638508, -0.9631240836571157, -0.22386223323899954, 0.17090685233129757, -0.8333017638619149, -0.0005972190612017708, -0.5528059733896217, 0.3824181264622327, 0.0, 0.0, 0.0, 1.0]
[0.5258820402490981, 0.3092286944898259, -0.7923500038498938, 1.0843062043668628, 0.17141267438592503, -0.9509774656939121, -0.25737439083771463, 0.196458924842568, -0.8330945454775941, -0.00047026344800213404, -0.5531183366513795, 0.3827036975947583, 0.0, 0.0, 0.0, 1.0]
[0.5180487007636534, 0.34892390250766003, -0.7809418305400416, 1.0755054570799452, 0.19340757887412563, -0.9371406034094193, -0.29041929799497734, 0.22166272294052494, -0.8331865331198937, -0.0005887286832868249, -0.5529796457961843, 0.38254471361253917, 0.0, 0.0, 0.0, 1.0]
[0.5097174314893903, 0.387961857730746, -0.7678970222482863, 1.0656801868343453, 0.2150778003561813, -0.9216648054407169, -0.322890508380244, 0.24651191800619243, -0.8330128610837971, -0.0005746818613415334, -0.5532412519147162, 0.38280977636017843, 0.0, 0.0, 0.0, 1.0]
[0.5002239542698368, 0.42628287335410014, -0.7536913102159116, 1.0547942469226592, 0.23627732472731094, -0.9045790768256774, -0.35481388123687196, 0.27080338761243405, -0.8330244704062187, -0.0005937637459008738, -0.5532237509242071, 0.38285013185090244, 0.0, 0.0, 0.0, 1.0]
[0.48957404402368615, 0.46403712032446326, -0.7382262835991661, 1.0428332039285713, 0.2571581160820697, -0.8858045831462315, -0.3862687708609186, 0.2948446557421492, -0.8331672735127219, -0.0007337161021907503, -0.5530084907675094, 0.38260803775709007, 0.0, 0.0, 0.0, 1.0]
[0.4784681403704161, 0.5007616284300879, -0.7213160156057217, 1.0299741567768583, 0.2775643299799247, -0.8655737532160924, -0.41680236575243784, 0.3181579241888941, -0.8330708422904258, -0.0007849437318321975, -0.5531536798520436, 0.38274066751987806, 0.0, 0.0, 0.0, 1.0]
[0.4665327593223934, 0.5366990415483072, -0.7030587363984061, 1.016108725969604, 0.2975547107409688, -0.8437619473533835, -0.44666716739787055, 0.34106075228910887, -0.8329400491608627, -0.0008135728380927634, -0.5533505712860872, 0.38292477185586055, 0.0, 0.0, 0.0, 1.0]
[0.4535573365645372, 0.5717454823814119, -0.6836538534151195, 1.0012624807783266, 0.31693076313973445, -0.8204188874202583, -0.4758706204001479, 0.363295880735132, -0.832959411211229, -0.0008363263482690855, -0.5533213906498073, 0.3829169543504815, 0.0, 0.0, 0.0, 1.0]
[0.4397621872592295, 0.6057219161542022, -0.6630983271163409, 0.9855426188521843, 0.33588793466782807, -0.795663616377724, -0.5040677967590099, 0.38491057917206994, -0.8329281246919014, -0.0010567707471166993, -0.5533681097118152, 0.3828862834397324, 0.0, 0.0, 0.0, 1.0]
[0.42521248387937044, 0.6385966596414664, -0.6413870259346, 0.9689050354197613, 0.3538737578238363, -0.7695285465181685, -0.5315875912419994, 0.4057566814767828, -0.8330356858970576, -0.0009323570154691584, -0.5532063952995281, 0.3827459431327795, 0.0, 0.0, 0.0, 1.0]
[0.4100547357905108, 0.6703231667672864, -0.6184739906870492, 0.9514227307477218, 0.37158746039890495, -0.7420555973596049, -0.557909481349677, 0.42589309202922493, -0.8329217369184665, -0.001043754552313907, -0.5533777493392469, 0.3829419262307758, 0.0, 0.0, 0.0, 1.0]
[0.3943040368164559, 0.7009081617287121, -0.5943396530864283, 0.9331305151007236, 0.38843747610462737, -0.7132375721947901, -0.5834344807621458, 0.4453471777486597, -0.8328393606265991, -0.0008132238113649606, -0.5535021078793736, 0.38307059504437735, 0.0, 0.0, 0.0, 1.0]
[0.3775722398281299, 0.7302507394293969, -0.5693505504174461, 0.913983308501507, 0.4048090657912532, -0.683164412261867, -0.6077860356592841, 0.46397205163300703, -0.8327962361019592, -0.0009951296020866472, -0.5535666948046299, 0.3831178364714068, 0.0, 0.0, 0.0, 1.0]
[0.3603849625917518, 0.7583032490705286, -0.5432175341373459, 0.8941466305964333, 0.4202551207551301, -0.6518866981361974, -0.6312034410159217, 0.4818043997363471, -0.8327599048453529, -0.0008137219268863601, -0.5536216457612558, 0.3831757035998373, 0.0, 0.0, 0.0, 1.0]
[0.34223479423923076, 0.7850107083043237, -0.5163520248926051, 0.8734888550887034, 0.43515708938369474, -0.6194656961800998, -0.6533678325894344, 0.4987600911041704, -0.8327631116183946, -0.0010890385008658582, -0.5536163488614577, 0.38313806201951417, 0.0, 0.0, 0.0, 1.0]
[0.32370890942961705, 0.8103453776560138, -0.48840377800456075, 0.8521815341760016, 0.4490768894795114, -0.5859352869213809, -0.6745363547825499, 0.5148486596018454, -0.8327804249575651, -0.000977421659041326, -0.5535905126603431, 0.3831101348777963, 0.0, 0.0, 0.0, 1.0]
[0.3043812626073621, 0.8342650774434716, -0.45971582891692314, 0.8301996348398639, 0.4624267346523167, -0.5513447394020821, -0.6943849966627876, 0.530050623132279, -0.8327630569096783, -0.0012271076142076392, -0.5536161423340605, 0.3830715996596522, 0.0, 0.0, 0.0, 1.0]
[0.28476339026683534, 0.8566388527493803, -0.4301906524793376, 0.8076352533692981, 0.4747719231501927, -0.5158965000062712, -0.713044849978405, 0.5442032588066524, -0.8327557741938594, -0.0011933745066937745, -0.5536271709721947, 0.3831250634608508, 0.0, 0.0, 0.0, 1.0]
[0.2644966493424688, 0.8775635629810803, -0.3998844095878854, 0.7844700518963185, 0.4864718263811166, -0.47943834709302585, -0.7303937646387765, 0.5575406112571896, -0.8326868748366555, -0.0013457956259650473, -0.5537304466483163, 0.38316596173892004, 0.0, 0.0, 0.0, 1.0]
[0.24390281622327575, 0.8969377235063926, -0.3687783909939244, 0.7607397214680364, 0.49715128209401166, -0.4421333537146769, -0.7465588910893345, 0.569779266704558, -0.832666059024771, -0.0012508338779817672, -0.5537619709508725, 0.38323912911889757, 0.0, 0.0, 0.0, 1.0]
[0.22277502668068497, 0.9147393117311977, -0.3370552079909308, 0.7365373130994801, 0.5071249519362288, -0.40401852832714613, -0.7613049438987675, 0.581150958782197, -0.8325721094970129, -0.0013293769630708303, -0.553903032273235, 0.3833289613118032, 0.0, 0.0, 0.0, 1.0]
[0.20132428065742666, 0.9309177664064834, -0.30470178966765366, 0.711841433097567, 0.5160415336298635, -0.3652003451259019, -0.7748045872681059, 0.591412586815458, -0.8325565545282294, -0.0012518026580344386, -0.5539265934414317, 0.3833924414832668, 0.0, 0.0, 0.0, 1.0]
[0.1795080614762405, 0.9454206681590709, -0.2719168743102724, 0.6868088919621232, 0.5240847832020771, -0.32582038897599125, -0.7868728499347445, 0.6005944518874538, -0.8325219172984472, -0.0012574762018149575, -0.5539786381268728, 0.38343931026938455, 0.0, 0.0, 0.0, 1.0]
[0.15738687059252676, 0.9582933435832355, -0.23850593855181065, 0.6613807284710365, 0.5312187453261344, -0.2857503246858495, -0.7975878580110057, 0.6087532015331556, -0.8324762846354405, -0.0011689684353762653, -0.5540474041351839, 0.3835234424876551, 0.0, 0.0, 0.0, 1.0]
[0.13493788234814205, 0.9694591124750859, -0.20474948396221834, 0.6355898575931282, 0.537411953230647, -0.2452110092775947, -0.8068786991533158, 0.6158521499846669, -0.832442735167668, -0.0011563171235307885, -0.5540978376332633, 0.38360338495971313, 0.0, 0.0, 0.0, 1.0]
[0.11217125507113707, 0.9788972404631845, -0.1707603890068496, 0.6096143572272242, 0.5426770613385145, -0.2043019821809555, -0.8147121169049653, 0.6218313484917275, -0.8324061289622802, -0.001280465424365827, -0.5541525567156211, 0.38358424708427824, 0.0, 0.0, 0.0, 1.0]
[0.08938687940067014, 0.9866139953840533, -0.13632283228600298, 0.5833514088901715, 0.5469700879089114, -0.16300984531839946, -0.8211243763728132, 0.6267190091347482, -0.8323547654847276, -0.0011667659556795925, -0.5542299558160684, 0.38368311470416877, 0.0, 0.0, 0.0, 1.0]
[0.06623705854123745, 0.9925895285407799, -0.10178224925355568, 0.5569018078474989, 0.5502056848618521, -0.12142955843011329, -0.8261491719166798, 0.6305071845351777, -0.832386390640016, -0.0012794810932923203, -0.5541822078326507, 0.3836259120500481, 0.0, 0.0, 0.0, 1.0]
[0.04310785714592771, 0.9968212277167049, -0.0668579508205977, 0.5303394121854048, 0.5526571324940801, -0.07954104220368141, -0.8296006955823879, 0.6331827222720062, -0.8322815349729412, -0.001187215111613721, -0.554339877964132, 0.38379257338803124, 0.0, 0.0, 0.0, 1.0]
[0.019793163195111686, 0.999280212105271, -0.03206329802173638, 0.5036496742309575, 0.553977207254967, -0.03765783351669349, -0.8316761421380421, 0.6347130331809133, -0.8322849460574949, -0.001300834686646266, -0.5543345014685197, 0.3837596515153845, 0.0, 0.0, 0.0, 1.0]
[-0.003660368790558149, 0.9999792284736045, 0.002981844068205785, 0.47686191143712314, 0.5543440207056164, 0.004510854365819727, -0.8322718558079433, 0.6351834149971111, -0.8322680189154552, -0.0013934544963728644, -0.554359690666588, 0.3837443955823298, 0.0, 0.0, 0.0, 1.0]
[-0.026750390456905214, 0.9989087010859777, 0.03803417223807424, 0.4502114273723431, 0.5538147335545416, 0.046484124342809394, -0.8313377894895443, 0.6344973796529488, -0.8321985366542791, -0.0011747255064292442, -0.5544644997732521, 0.38389842318144396, 0.0, 0.0, 0.0, 1.0]
[-0.05003302358020151, 0.996073792946787, 0.07290092440215362, 0.4235446352482775, 0.5522165279457778, 0.08840959952929216, -0.8289961563674227, 0.632673535874256, -0.832186487342916, -0.0012200888820328392, -0.5544824866029143, 0.3838711708362787, 0.0, 0.0, 0.0, 1.0]
[-0.0735018715706223, 0.9914680954035593, 0.10756142580695542, 0.396948632460855, 0.549656722806506, 0.13026673893688975, -0.8251678133407196, 0.6297502970682723, -0.8321392364565174, -0.001529517830934622, -0.5545526300585635, 0.383825126407871, 0.0, 0.0, 0.0, 1.0]
[-0.09628479070167127, 0.9851215349963723, 0.14228821829006488, 0.3705871231003622, 0.5462006653846343, 0.17179877304722233, -0.8198437061191391, 0.6257034668187226, -0.8320906315505099, -0.0012205601453362726, -0.5546263250808361, 0.3839831734505981, 0.0, 0.0, 0.0, 1.0]
[-0.1192414594736583, 0.97703037580601, 0.17656292419770506, 0.34435064547006616, 0.5417157741176027, 0.2130508790416918, -0.8131093524477258, 0.6205394885191646, -0.8320494223998754, -0.0013094247353205286, -0.5546879435870186, 0.38401647086946455, 0.0, 0.0, 0.0, 1.0]
[-0.14216377268514663, 0.9671357093236811, 0.21075953976687697, 0.3181581889451033, 0.5361676852326667, 0.2542188603444875, -0.8049162721381201, 0.6144171385629154, -0.8320423198067382, -0.0014274793653108475, -0.5546983065095168, 0.38395799934563496, 0.0, 0.0, 0.0, 1.0]
[-0.1644060449324448, 0.9556100095797462, 0.24446279775604396, 0.29254860032557245, 0.5299273865088863, 0.29459944912721625, -0.7952239004191678, 0.6070804130364538, -0.8319425246486325, -0.0011920847901568314, -0.5548485277221278, 0.38412516739639774, 0.0, 0.0, 0.0, 1.0]
[-0.1865005642306736, 0.9423770433488379, 0.27771438477791843, 0.26718568885147354, 0.5226350985299487, 0.3345220915582001, -0.7841811719545579, 0.5986441869694757, -0.8318959311280706, -0.0011069461770045236, -0.5549185616280992, 0.38423189058064183, 0.0, 0.0, 0.0, 1.0]
[-0.2081692265626782, 0.9274719132762246, 0.31055438645046146, 0.24218403882101774, 0.5144388111492504, 0.3738660265826731, -0.7717312467451922, 0.5891826809267189, -0.8318647904538637, -0.0008894673864378254, -0.554965634840112, 0.38429419134926907, 0.0, 0.0, 0.0, 1.0]
[-0.22984454771098234, 0.9109005912411131, 0.3426581448912437, 0.2175417425637763, 0.5052291265242012, 0.4126011023325601, -0.7579549246416996, 0.578689686680602, -0.8318027172955946, -0.0010909315997769242, -0.5550583104062913, 0.38427623322003607, 0.0, 0.0, 0.0, 1.0]
[-0.25090794592607774, 0.8927490757061803, 0.37420279711128507, 0.1934414452496519, 0.49517461206904356, 0.45053151729500185, -0.7428423968330794, 0.5671556649846115, -0.8317620171266762, -0.001089335041460591, -0.5551193025840269, 0.38431138818391236, 0.0, 0.0, 0.0, 1.0]
[-0.271440768170421, 0.873007599319013, 0.4051685432335823, 0.16987579217011306, 0.48431241767909816, 0.4876859692282498, -0.7263572001676598, 0.5546277417042613, -0.8317103692741162, -0.0009347996386513479, -0.5551969644536746, 0.3844315985410178, 0.0, 0.0, 0.0, 1.0]
[-0.2915281784612954, 0.8516708134125365, 0.4354911538075853, 0.14676060598512403, 0.4724783160747501, 0.5240581114183713, -0.7086026749311991, 0.5411082138997085, -0.831718888148764, -0.0008175200590359184, -0.5551843874206909, 0.38443362942370857, 0.0, 0.0, 0.0, 1.0]
[-0.31112393221259954, 0.8289193617122073, 0.46484351956795156, 0.124315245014464, 0.4599084796112038, 0.5593503679017601, -0.6896384995119756, 0.5266249955777279, -0.831665098514714, -0.0007775654317453085, -0.5552650198837941, 0.3845069226744534, 0.0, 0.0, 0.0, 1.0]
[-0.33013948948051086, 0.8047767921811277, 0.49328253969197294, 0.10254923859412945, 0.4465583385986846, 0.5935608557595099, -0.669522619516064, 0.5110972857725861, -0.8316094724176358, -0.0007564244181005346, -0.5553483573320306, 0.3845331011094067, 0.0, 0.0, 0.0, 1.0]
[-0.34868717954339207, 0.779032984800592, 0.5210670146352276, 0.08134616056302574, 0.4323364881066398, 0.6269672019539466, -0.6480633623814546, 0.49486770062632995, -0.8315546637322768, -0.0006951028185912285, -0.5554305038418174, 0.38460780958839047, 0.0, 0.0, 0.0, 1.0]
[-0.3666220845950035, 0.751930122115199, 0.5478830758107276, 0.06085260066252085, 0.4172485474887889, 0.6592278028752363, -0.6255482670252509, 0.4776493917040208, -0.8315483411124807, -0.0007363920958732048, -0.5554399165183231, 0.3845979098261946, 0.0, 0.0, 0.0, 1.0]
[-0.38368241251598384, 0.723662351161944, 0.573661651756251, 0.04122885267799575, 0.4017532238831073, 0.6901400784116103, -0.6019042626129866, 0.4596299752734848, -0.8314823511817027, -0.00046966157182279686, -0.555538988688109, 0.38470413329898345, 0.0, 0.0, 0.0, 1.0]
[-0.4002012292633245, 0.694017754492057, 0.5984696945143009, 0.02230913283471564, 0.3852861740842001, 0.7199443823387381, -0.5772536815405709, 0.44075104866214604, -0.8314891984006119, -0.0004355340445611115, -0.5555287678381889, 0.3847191367112991, 0.0, 0.0, 0.0, 1.0]
[-0.4158283125594831, 0.6631777570136342, 0.622310437105524, 0.004233275886104615, 0.36832586480187807, 0.7484490607027819, -0.5514949351698892, 0.4211500708877104, -0.8315068362275139, -0.00011417835466970382, -0.555502525963196, 0.38479525274906623, 0.0, 0.0, 0.0, 1.0]
[-0.43099288991264245, 0.6310164256981228, 0.6450210512366205, -0.013092500178359778, 0.35038209274657556, 0.7757570392146025, -0.524804206129013, 0.4007100986562236, -0.831539695281282, -0.00018305563997016017, -0.5554533181923584, 0.3847802203488199, 0.0, 0.0, 0.0, 1.0]
[-0.4453811232988151, 0.597822533095626, 0.6665081947722795, -0.029526156333589515, 0.3320367094972741, 0.8016164627637151, -0.4971399958179372, 0.3796298834392441, -0.8314854330994121, -0.00011158192900516572, -0.5555345631547498, 0.3848020805954267, 0.0, 0.0, 0.0, 1.0]
[-0.45916608714878737, 0.5634746284036547, 0.6867697396031622, -0.04517425397401875, 0.31293507652395636, 0.8261216790884081, -0.4685931963971745, 0.35784209498209807, -0.831395747640452, -0.0002477634371806696, -0.5556687331996318, 0.3847526235769175, 0.0, 0.0, 0.0, 1.0]
[-0.47168837569506533, 0.5283185905896166, 0.705960257613648, -0.05965139516377593, 0.29349620899229945, 0.849034871772504, -0.43929969754933745, 0.33547540750999844, -0.8314750738551987, -1.5901471547542993e-05, -0.5555500791136047, 0.3848076910987031, 0.0, 0.0, 0.0, 1.0]
[-0.48346342613341414, 0.4921279985379449, 0.7239226377198532, -0.07326483704996817, 0.27338653078053204, 0.8705117889473488, -0.4092102161259548, 0.31245553302033546, -0.8315669950643391, 7.252538267366213e-05, -0.5554124716054543, 0.38479991118375556, 0.0, 0.0, 0.0, 1.0]
[-0.4946704721329685, 0.45502252701607954, 0.7404369833153183, -0.08595327838397337, 0.252766124884098, 0.8904691161184541, -0.37836165566533286, 0.28890298111452434, -0.8314993427610335, -6.951851497303298e-06, -0.5555137543401595, 0.3848010233868074, 0.0, 0.0, 0.0, 1.0]
