[0.8870166814211639, 0.30820633300323774, -0.3438171944177354, 62.04740163790905, -0.4614178674416257, 0.5639714040274654, -0.684857508570149, 81.70023126083908, -0.017174355481584802, 0.7661234311362543, 0.6424639521232343, -66.74656060819173, 0.0, 0.0, 0.0, 1.0]
[0.31382189531609983, 0.6160337316076765, -0.7225083110537429, 96.69366373669776, -0.9494816232116083, 0.20306423683517297, -0.2392688088782114, 58.187434597140886, -0.0006820583993704665, 0.7610961550553714, 0.6486387111144924, -67.46451365567071, 0.0, 0.0, 0.0, 1.0]
[-0.4248890611807383, 0.5922447801019014, -0.6846279326254524, 105.9351553088035, -0.9052248957695322, -0.27287793091117774, 0.3257384271170256, 19.75128719034525, 0.006097029439831592, 0.7581449434400289, 0.6520575672195855, -68.02427391542736, 0.0, 0.0, 0.0, 1.0]
[-0.9310589259798633, 0.24370247036553927, -0.2715481215014328, 86.25917432924865, -0.3646097051386119, -0.5933847380975036, 0.7176031741231998, -14.339623215742854, 0.013749155317979295, 0.7671399210904686, 0.6413324428074347, -65.95902738085562, 0.0, 0.0, 0.0, 1.0]
[-0.9197494605377501, -0.22828427164314874, 0.3192917492840597, 45.43088422990898, 0.39191262991610637, -0.578835585178114, 0.7150901033042981, -25.942440478011072, 0.02157360314733678, 0.782838205922442, 0.6218512064757732, -63.86953382501583, 0.0, 0.0, 0.0, 1.0]
[-0.39664989129709843, -0.5687376621243512, 0.720559737575815, 9.721429517476453, 0.9179668639607146, -0.24778923425423377, 0.3097375212302046, -6.573098167244567, 0.0023875519116847155, 0.7843073167254196, 0.6203679009481721, -63.69596327747514, 0.0, 0.0, 0.0, 1.0]
[0.342499351912641, -0.5888171671678, 0.7321123804361649, -2.633435253213013, 0.9393558953013512, 0.2290927603811337, -0.25519993946619435, 31.756297695492187, -0.017455540725445196, 0.7751198944611339, 0.6315729991921304, -64.72769078836923, 0.0, 0.0, 0.0, 1.0]
[0.8891036121616722, -0.27714549010353484, 0.3642597207437823, 13.823664760174726, 0.45710213525854615, 0.5785171858423871, -0.6755556998701756, 66.18317478171411, -0.02350329302767043, 0.7671429091116443, 0.6410455149336739, -65.29038945018463, 0.0, 0.0, 0.0, 1.0]
