[0.8898972582764898, 0.2867333808311506, -0.35477716672458587, 61.45208898805135, -0.45554952739064397, 0.5183642232862498, -0.7237217421848011, 82.68846839788895, -0.023611391448772057, 0.805656564755716, 0.5919121572158081, -67.3304203224125, 0.0, 0.0, 0.0, 1.0]
[0.31413687756837955, 0.5696923476493063, -0.7594528630411574, 97.38627052948246, -0.9493772973102155, 0.18776465165708012, -0.2518475390787968, 58.44684881953163, -0.0008772135086050903, 0.8001219060980129, 0.5998367826988797, -68.31996626988064, 0.0, 0.0, 0.0, 1.0]
[-0.4328123846277826, 0.5496457298457155, -0.7145369209321402, 105.99947328873014, -0.9013516311485134, -0.25026863894488066, 0.3534555776707896, 18.2278900093717, 0.015449166279347393, 0.7970289706297057, 0.6037434415695342, -68.96679052270461, 0.0, 0.0, 0.0, 1.0]
[-0.9338701248257926, 0.2269717993635753, -0.27635193549443327, 85.45189320185175, -0.35707850745700026, -0.5496214922809648, 0.7552556883169607, -14.97030597702191, 0.019532779375692894, 0.8039900605831555, 0.5943218429549381, -66.87940893548188, 0.0, 0.0, 0.0, 1.0]
[-0.9205989717164689, -0.20833039845371862, 0.3302968034279094, 45.662423353890375, 0.3900398704904612, -0.5319951201576698, 0.7515650946898816, -26.5529024172483, 0.01914243198667509, 0.8207189757819308, 0.5710113222074448, -64.37078358376088, 0.0, 0.0, 0.0, 1.0]
[-0.39421597541898745, -0.5235085677253861, 0.755336047228365, 9.233335045547065, 0.9190079257764439, -0.22837343740068183, 0.321356508335952, -6.4304525522311184, 0.004265804090000047, 0.8208436834184152, 0.5711369803362011, -64.4009748458263, 0.0, 0.0, 0.0, 1.0]
[0.34950745931879884, -0.5435751844241862, 0.7631320690147481, -2.8482949225638676, 0.9368528733855298, 0.2134447552719806, -0.2770343481883802, 32.70502004491644, -0.012297540802720108, 0.8117680428084715, 0.5838505075489007, -65.72767294664587, 0.0, 0.0, 0.0, 1.0]
[0.893669247190631, -0.25473576411609244, 0.36941164993259423, 14.568486864325088, 0.4484342023496718, 0.5366920115018824, -0.7147506215129, 67.1945811911547, -0.016187735751012622, 0.8044074684326681, 0.5938573750834467, -66.39242541143365, 0.0, 0.0, 0.0, 1.0]
