[-0.23086046280223585, -0.9332247634918184, 0.27527657613276013, 0.4583935382872112, -0.5968641118963471, 0.35926389996945407, 0.7174073724647345, -0.05590756882975975, -0.7683992618073827, 0.0013182888855975516, -0.6399605210994428, 0.37952454727743756, 0.0, 0.0, 0.0, 1.0]
[0.11178394695812995, -0.9844502569965197, -0.13543685157835852, 0.49060532381920124, -0.629687341861327, -0.17560740147569243, 0.7567348704730287, -0.05918189937845808, -0.7687515512851253, 0.000692060438119303, -0.6395382670682893, 0.3795979212394321, 0.0, 0.0, 0.0, 1.0]
[0.5284740372393677, -0.562906439403787, -0.6354841103563077, 0.5296090219640357, -0.3598911692437127, -0.8265089751707817, 0.43283439575357524, -0.03371783285682626, -0.7688785893530428, -3.662106802196334e-05, -0.6393859017348518, 0.3794935938484169, 0.0, 0.0, 0.0, 1.0]