[-0.570952668190954, -0.45483391817124225, 0.6834682861308623, -0.08171209789378725, -0.2912107750437096, 0.8905653542051044, 0.34938908335485785, -0.2866675604573987, -0.7675871820746359, 0.00045130005628348646, -0.6409355430039698, 0.45591692036720227, 0.0, 0.0, 0.0, 1.0]
[-0.5657120042662317, -0.4723844971584145, 0.6758789514610752, -0.07602511897398256, -0.30237821348382743, 0.8813811577498677, 0.36292968141750875, -0.2979621849778672, -0.7671493277978026, 0.0009426076082812228, -0.6414590316754945, 0.45590267091622494, 0.0, 0.0, 0.0, 1.0]
[-0.5592214279476471, -0.49084309971399376, 0.6680821702433323, -0.06962749783185351, -0.31431639256296695, 0.8712365287745892, 0.37700875287844327, -0.3095456911750152, -0.7671097358211572, 0.0008421954469224781, -0.6415065191063922, 0.45596441355438927, 0.0, 0.0, 0.0, 1.0]
[-0.5526724419884826, -0.5088028232885959, 0.6600469631962959, -0.06308757704684287, -0.3257901579883401, 0.8608713658674118, 0.39082598698445126, -0.3209701820099375, -0.7670688963356733, 0.0009619481998103636, -0.6415551841213484, 0.4559520543126986, 0.0, 0.0, 0.0, 1.0]
[-0.5457060482266043, -0.5268463484622975, 0.6516339128091352, -0.05620630406316496, -0.33734130878346946, 0.8499486083118437, 0.4046876630671293, -0.3322932959685135, -0.7670635548755834, 0.0010174683836957276, -0.6415614850022731, 0.4559511613249473, 0.0, 0.0, 0.0, 1.0]
[-0.5385101062000524, -0.5442722072821676, 0.6432443882602734, -0.04919906660149653, -0.3484516799626159, 0.8388965815333767, 0.4181125026993667, -0.3433505592209156, -0.767182533138527, 0.0010182205163881365, -0.6414192015040855, 0.4559263229221255, 0.0, 0.0, 0.0, 1.0]
[-0.5312552381726997, -0.5617492867350904, 0.6341877491332175, -0.04190690381901191, -0.35948146543099385, 0.8272947873493973, 0.43167203450546676, -0.35435975046445883, -0.7671516765456893, 0.0013492880869029988, -0.6414554960987197, 0.45583915445348966, 0.0, 0.0, 0.0, 1.0]
[-0.5236036881325157, -0.5788804404887956, 0.6250799012602356, -0.034405104705378, -0.3703556278898307, 0.815399329157701, 0.44491032900935973, -0.36513800574198907, -0.767239619392511, 0.0014548298450037037, -0.6413500730344369, 0.4557768478380272, 0.0, 0.0, 0.0, 1.0]
[-0.515589741009542, -0.5957004722607068, 0.6158702914111114, -0.026679947730756493, -0.38100495160743575, 0.8031933628536532, 0.45793059845659684, -0.37580385398394517, -0.7674524042033726, 0.0014546880830335399, -0.641095430614176, 0.45572674935181956, 0.0, 0.0, 0.0, 1.0]
[-0.5075909247687452, -0.6124500537061615, 0.606006767534692, -0.01867287484753949, -0.3915863703935289, 0.7904952176788008, 0.47091659756731535, -0.3862882548268456, -0.767458347088388, 0.0017290007153196508, -0.6410876350685427, 0.4556442074153567, 0.0, 0.0, 0.0, 1.0]
[-0.49919197855078723, -0.6287235911441752, 0.5962395541207157, -0.010523379326633497, -0.40207674116405717, 0.7776149287257754, 0.48335759219051205, -0.39665016014627535, -0.7675430995498888, 0.0015541759191582574, -0.6409866084199582, 0.455647627148522, 0.0, 0.0, 0.0, 1.0]
[-0.49077658204809377, -0.6449925903843194, 0.5857561418366971, -0.0020759396651612305, -0.41239600881267546, 0.7641740340661132, 0.49593654819368377, -0.4068205670175523, -0.767495032772053, 0.0018305490042603975, -0.64104343258965, 0.4555911013868329, 0.0, 0.0, 0.0, 1.0]
[-0.4820335455385883, -0.6607815527614641, 0.5753247084508564, 0.00651572175669779, -0.42249670583519056, 0.7505632014846214, 0.5080719742088328, -0.4168159226487279, -0.7675421431003762, 0.0018349410105955146, -0.6409870114670626, 0.4555742517044338, 0.0, 0.0, 0.0, 1.0]
[-0.47301370097792955, -0.6763236570070921, 0.5646514279183134, 0.015347226944520176, -0.43247488007687895, 0.7365894016508472, 0.5199879654148636, -0.4266134420444178, -0.7675964198007045, 0.0017638734106572003, -0.6409222111719336, 0.45556331418153206, 0.0, 0.0, 0.0, 1.0]
[-0.46389675422133875, -0.6915178772930042, 0.5537052252830675, 0.024307674028955284, -0.4421607606697039, 0.7223437146603847, 0.531695034168405, -0.43622091653927264, -0.7676421106532026, 0.001824876988375936, -0.6408673139854194, 0.4554928937309009, 0.0, 0.0, 0.0, 1.0]
[-0.45444825912049996, -0.7065199832695007, 0.5424875168803073, 0.0335905866483876, -0.4517410219170273, 0.7076771736817169, 0.54323981411592, -0.44568073838509037, -0.767715817083975, 0.0018105225571831893, -0.6407790558284024, 0.45550095034991955, 0.0, 0.0, 0.0, 1.0]
[-0.4449403949988168, -0.7212414010850519, 0.530871980015976, 0.0430532600090644, -0.46111348490916043, 0.6926671011481316, 0.5545929224778285, -0.45488971006866824, -0.7677129319181974, 0.001968565245040303, -0.6407820465426747, 0.45545481125326537, 0.0, 0.0, 0.0, 1.0]
[-0.435116233076486, -0.7355323946332264, 0.5192801736002385, 0.05266741990997548, -0.4702506340113271, 0.6774726761101991, 0.5655811347254877, -0.46393131527940645, -0.7678013752439378, 0.001901701975854587, -0.6406762687569565, 0.45546286744526465, 0.0, 0.0, 0.0, 1.0]
[-0.4251907707180156, -0.7495377683267338, 0.5073378015050465, 0.06244759962194979, -0.4791510613555373, 0.6619440570127715, 0.5763952369458314, -0.4727544776387846, -0.7678592421787279, 0.001986488978263308, -0.6406066546564945, 0.4553508729283383, 0.0, 0.0, 0.0, 1.0]
[-0.4148476406946633, -0.7633117384495257, 0.4952192378398656, 0.07251707738560031, -0.4880960436775815, 0.6460130680660877, 0.5868702974465292, -0.4814086357075035, -0.7678830861905817, 0.0017472075468023358, -0.6405787699013487, 0.45543731996395653, 0.0, 0.0, 0.0, 1.0]
[-0.40471198263135705, -0.776636985689729, 0.4827301906801511, 0.08262384563023895, -0.4965956572301377, 0.6299301190753724, 0.5971334944967429, -0.489836307756735, -0.7678422437167495, 0.001945364147727872, -0.640627155805944, 0.4553600056389553, 0.0, 0.0, 0.0, 1.0]
[-0.39408519584193025, -0.7896042051778535, 0.47032654975700816, 0.09296973098521782, -0.504891039345009, 0.6135982060969327, 0.6070997635330934, -0.4980257520932826, -0.7679600534588711, 0.001785368669160598, -0.6404863883891134, 0.4553869862274438, 0.0, 0.0, 0.0, 1.0]
[-0.3835069098548961, -0.8023878661380621, 0.4572536874920266, 0.10353897585035243, -0.5130632218075116, 0.5967834366976719, 0.6169308995457493, -0.5060154446143618, -0.7678992951053236, 0.001997212790767424, -0.6405586081387219, 0.45531906925126164, 0.0, 0.0, 0.0, 1.0]
[-0.37253338453294105, -0.8146672474764454, 0.44443301304516286, 0.11421198113400022, -0.5209082365187434, 0.5799091706097578, 0.6263770939224449, -0.513796013680337, -0.7680196829747095, 0.0018375617167686227, -0.6404147352496434, 0.4553326087510361, 0.0, 0.0, 0.0, 1.0]
[-0.36173794438396245, -0.8266060667238694, 0.4311060138572561, 0.1250102987316672, -0.5283813512959576, 0.5627596904259639, 0.635691124347728, -0.5212808185557124, -0.7680752268474303, 0.002165222430966074, -0.6403470927876763, 0.45518422329493213, 0.0, 0.0, 0.0, 1.0]
[-0.3503697885380276, -0.8382718081117729, 0.41776248522650306, 0.13607043437640087, -0.5359689278206964, 0.5452315288604243, 0.6445530497345102, -0.5286196316125282, -0.7680879289454818, 0.0019242044464624572, -0.640332626074385, 0.45526996465558384, 0.0, 0.0, 0.0, 1.0]
[-0.33913605756956117, -0.8495656429457986, 0.40399114094177013, 0.14725750945396482, -0.5431581135056193, 0.5274604203613193, 0.6532639067928411, -0.5356784271307957, -0.7680799080111395, 0.002114279915298711, -0.6403416479679588, 0.4551611937868767, 0.0, 0.0, 0.0, 1.0]
[-0.32775209063736954, -0.8603721564939285, 0.3902845103056529, 0.1585047848707966, -0.5500637583510548, 0.5096428844465414, 0.6615762735619826, -0.5425326019490203, -0.7681075287567191, 0.002151642211091642, -0.64030839075817, 0.45515506213089574, 0.0, 0.0, 0.0, 1.0]
[-0.3162484270493898, -0.870772623892942, 0.37646440126869674, 0.1698615014229667, -0.5566946326921758, 0.4916614980589919, 0.6695890054916595, -0.5491504549100974, -0.7681528267354868, 0.002180758170345599, -0.6402539482909044, 0.4551041981262231, 0.0, 0.0, 0.0, 1.0]
[-0.3043950873340665, -0.8808560207731292, 0.3625183838234318, 0.1814184238946998, -0.5631327599798845, 0.47335956021814896, 0.6773490987999761, -0.5555069610470234, -0.7682485745808657, 0.002035760058933651, -0.6401395314655293, 0.4550702327137125, 0.0, 0.0, 0.0, 1.0]
[-0.2926347837448766, -0.8905739082451392, 0.34817535549552503, 0.1931255279451043, -0.5694000961070195, 0.4548123659255112, 0.6847766186136407, -0.5616595365558384, -0.7681986467035167, 0.0021383768203030317, -0.640199113109065, 0.4550891407296626, 0.0, 0.0, 0.0, 1.0]
[-0.2804482977858642, -0.8999473558196653, 0.33380593348070203, 0.20499575648495127, -0.5754309948881922, 0.43597202331641305, 0.6919519710534378, -0.5675427477086799, -0.7682503949183527, 0.0019744720291283175, -0.640137538758929, 0.4550779031848286, 0.0, 0.0, 0.0, 1.0]
[-0.268254938388802, -0.9088986595207391, 0.31925730066678104, 0.2169778339624147, -0.5811939968234058, 0.41698961487841996, 0.6988013650379107, -0.573186386430997, -0.7682666028063847, 0.0019064905346770533, -0.6401182923429959, 0.4550805110229621, 0.0, 0.0, 0.0, 1.0]
[-0.25618117323335754, -0.9173717342613402, 0.30460275920866553, 0.22895613543430648, -0.5865515192703044, 0.3980021370526507, 0.7053665290248456, -0.5785438005305232, -0.7683158651386073, 0.0020364137773566295, -0.640058762000732, 0.4550305318201845, 0.0, 0.0, 0.0, 1.0]
[-0.24376930604780364, -0.9254984141628833, 0.2898475033449934, 0.2411427426924583, -0.5917424156164047, 0.3787210146833566, 0.7116191420295176, -0.5836678564097633, -0.7683737280065235, 0.0019558426331186046, -0.6399895479629707, 0.4550135069989155, 0.0, 0.0, 0.0, 1.0]
[-0.2314670126576237, -0.9332005120989837, 0.2748490996690338, 0.25333324454478834, -0.5966623627181791, 0.3593231942345002, 0.7175454875993953, -0.5885818727938964, -0.7683734729076246, 0.002095997261100109, -0.6399894105661963, 0.4549719317242359, 0.0, 0.0, 0.0, 1.0]
[-0.21884688851292838, -0.9405475654811153, 0.259727476674063, 0.26576648931241476, -0.6013561855964329, 0.33962728703620376, 0.7231976635079262, -0.5931811806646465, -0.7684123400455819, 0.002080833771228457, -0.6399427922534954, 0.4549164883414293, 0.0, 0.0, 0.0, 1.0]
[-0.20617205488791895, -0.9474321374339322, 0.24463713513771418, 0.2782097979963351, -0.6058121200727795, 0.31992056403033964, 0.7284459287574359, -0.5975657059804572, -0.7684175335437274, 0.0019810525203495747, -0.6399368726588024, 0.45494791962558534, 0.0, 0.0, 0.0, 1.0]
[-0.1935733204947946, -0.9538823009105243, 0.22938981144653547, 0.2906979075749796, -0.6098862698090399, 0.3001416347977747, 0.7334472312073376, -0.6016379073208438, -0.7684717655140251, 0.0020741195171912275, -0.6398714507139797, 0.45485137014101007, 0.0, 0.0, 0.0, 1.0]
[-0.18050910922063718, -0.959986034713446, 0.21406752162842338, 0.3034132164815527, -0.6138199540208036, 0.28000747159203465, 0.7381138910230842, -0.6054873684530861, -0.7685195328913111, 0.0018373646886490024, -0.6398148013782012, 0.4548943877137472, 0.0, 0.0, 0.0, 1.0]
[-0.16789524919868143, -0.9656217825937117, 0.1984118522671215, 0.3160546828092584, -0.6174151803218506, 0.25990515219881327, 0.7424548248425594, -0.6090271348349159, -0.7684988141213085, 0.0021521482902076574, -0.6398387061970654, 0.4548329503093066, 0.0, 0.0, 0.0, 1.0]
[-0.15484461915134298, -0.9708638779009385, 0.18283288817448215, 0.328891021954288, -0.6207151194790093, 0.23958220012248732, 0.7465283561768423, -0.6123206562355804, -0.7685809204444531, 0.0021087609699654074, -0.6397402194841894, 0.4547578728443382, 0.0, 0.0, 0.0, 1.0]
[-0.14170608705176643, -0.9756926419668438, 0.16710636684259372, 0.34182751416031787, -0.623856149056557, 0.21908989886359329, 0.7501964435689538, -0.6153216733902178, -0.768572467030929, 0.0020570680370549724, -0.639750543741201, 0.4547893110620842, 0.0, 0.0, 0.0, 1.0]
[-0.1286356329639347, -0.9800409646150623, 0.15150501787321966, 0.3546770541895202, -0.6265576421636574, 0.1987370095455685, 0.7536052038167872, -0.6180891937258063, -0.7686736250708062, 0.0020138556232804374, -0.6396291318721294, 0.45467775909282965, 0.0, 0.0, 0.0, 1.0]
[-0.11546020852197983, -0.9839657648387268, 0.13587279423813634, 0.36757340515357, -0.6291891909833921, 0.17829376585758228, 0.7565210247698871, -0.6206499133697557, -0.7686160609165892, 0.0018583817878470635, -0.6396987751020325, 0.4548144734419133, 0.0, 0.0, 0.0, 1.0]
[-0.10242040846780699, -0.9874759129390797, 0.11992666551477713, 0.38052677264473206, -0.6314049749243764, 0.15769561651060582, 0.7592441606997969, -0.6229012943862186, -0.7686472301851114, 0.002039803833548609, -0.6396607689563021, 0.4546865467537687, 0.0, 0.0, 0.0, 1.0]
[-0.08913448676640942, -0.9905494460581572, 0.10415274330339794, 0.39353744249794737, -0.6333742607036257, 0.13707248110738354, 0.7616036339669521, -0.6248839795762396, -0.7686825326805811, 0.0019174822430325913, -0.6396187229832389, 0.45467901395768273, 0.0, 0.0, 0.0, 1.0]
[-0.07584925193702938, -0.9931952468148427, 0.08826658250378512, 0.40663653642920844, -0.635058936663088, 0.11636348965259113, 0.7636436731997068, -0.6265838085874537, -0.7687182740420248, 0.0018673193309045274, -0.639575914802271, 0.4546796663966014, 0.0, 0.0, 0.0, 1.0]
[-0.06261911273898635, -0.9953978940370927, 0.07240667860255726, 0.4196676367666138, -0.6364559245689473, 0.09570991434965, 0.7653466488368847, -0.6279857164485735, -0.7687544794679748, 0.0018416685129651073, -0.639532469862083, 0.4546513603908222, 0.0, 0.0, 0.0, 1.0]
[-0.04935593598770507, -0.9971885579102221, 0.05621191415047273, 0.4328522668806669, -0.63766566479397, 0.07477797556699967, 0.7666699536663961, -0.6291272368075531, -0.7687179186326086, 0.0019953055507526047, -0.6395759554991932, 0.4546315973930569, 0.0, 0.0, 0.0, 1.0]
[-0.035836969776772226, -0.9985380289552956, 0.04022802985086335, 0.44604737192478533, -0.6385240551548741, 0.05384438549194257, 0.7677108227909533, -0.6299802840296544, -0.768754505344198, 0.001825864802395514, -0.6395324840725104, 0.45467841904325823, 0.0, 0.0, 0.0, 1.0]
[-0.02257360029090876, -0.9994469099423273, 0.02402217284372564, 0.4592583749501187, -0.6390787847936148, 0.03290355921485825, 0.7684320257761572, -0.6305555502479905, -0.7687974286493363, 0.0019942163715339824, -0.6394803804444804, 0.4545346307829321, 0.0, 0.0, 0.0, 1.0]
[-0.009031211458663133, -0.9999159479946421, 0.008202582652257274, 0.47242950022075364, -0.6394467635984924, 0.012081488044246667, 0.7687353242612038, -0.630855185962231, -0.7687698099198556, 0.0016974963390119333, -0.639514439923646, 0.4546909371476721, 0.0, 0.0, 0.0, 1.0]
[0.004313138733092276, -0.9999485561849524, -0.008064116264954619, 0.4856734442524995, -0.6393940865858595, -0.00895800589608122, 0.7688218801052803, -0.6308587789106985, -0.7688545673757241, 0.0018401128234218223, -0.6394121415020574, 0.4545191608805769, 0.0, 0.0, 0.0, 1.0]
[0.01770593337634164, -0.9995389718321687, -0.02427142260375508, 0.49890607120310004, -0.6392264012033585, -0.029982423196010584, 0.7684287721242372, -0.6305861502041543, -0.768802220879391, 0.0019091854793884331, -0.6394748784873625, 0.4545455031960549, 0.0, 0.0, 0.0, 1.0]
[0.03125356139983837, -0.9986893633819306, -0.040293281414765215, 0.5122071078374505, -0.6386764991505461, -0.05096351651076179, 0.7677806625417978, -0.6300274827321863, -0.7688278684034792, 0.0017384918349114804, -0.6394445290247687, 0.454561053242694, 0.0, 0.0, 0.0, 1.0]
[0.044466208467610215, -0.9974175507642188, -0.056229827561114346, 0.5252416851819732, -0.637809229815614, -0.07166492025180532, 0.7668478299903946, -0.6292242175209841, -0.7688971905058155, 0.0017650875381317263, -0.6393610968235948, 0.45452575463949124, 0.0, 0.0, 0.0, 1.0]
[0.05788424245168013, -0.9956932403601512, -0.0722857737043367, 0.5384462150936247, -0.636633198599017, -0.09258948787294696, 0.7655830383793815, -0.6281224119376972, -0.7689787590165205, 0.0017043291161505255, -0.6392631525950483, 0.4544338491696963, 0.0, 0.0, 0.0, 1.0]
[0.07126680774158281, -0.9935292645491743, -0.0883263250889802, 0.5516178765244478, -0.6353727396146307, -0.11347910355457257, 0.763816702015125, -0.6267703410335008, -0.76889743839483, 0.001685361099556096, -0.6393610138403918, 0.4545484631254643, 0.0, 0.0, 0.0, 1.0]
[0.08469083032038914, -0.9909236495474564, -0.10430120027048817, 0.5647628749554201, -0.6337216188795883, -0.13434496649584213, 0.7618006694611337, -0.6251214476886399, -0.7688986408659371, 0.0015803942512062621, -0.6393598357972635, 0.4544965456900162, 0.0, 0.0, 0.0, 1.0]
[0.0977093287773988, -0.987919320190715, -0.12020536160817442, 0.5777368840057899, -0.6318012917499667, -0.15489721731881181, 0.7594905084304261, -0.6232374550941846, -0.768934822799795, 0.0017365949477741332, -0.6393159145874133, 0.45446734189969024, 0.0, 0.0, 0.0, 1.0]
[0.11115198777084392, -0.9844548608333764, -0.1359226441681683, 0.5907754888641136, -0.6295465846437907, -0.17557702272261194, 0.7568590242683733, -0.6210798641340523, -0.7689584385902383, 0.0014432514020924505, -0.6392882387357517, 0.45454149200521343, 0.0, 0.0, 0.0, 1.0]
[0.12408620977225741, -0.9805661536885981, -0.15190069759051603, 0.6037432158851658, -0.6269738625350046, -0.19613242754861906, 0.7539413355524194, -0.6186012725589662, -0.769082008074237, 0.001684044370754175, -0.6391389838031702, 0.45430049806454, 0.0, 0.0, 0.0, 1.0]
[0.1374987946284692, -0.9762000211486431, -0.16765705553157353, 0.616784286674588, -0.6243553673160903, -0.2168225922907527, 0.7504398232042662, -0.6158354934832719, -0.7689312086789793, 0.0014930113577616014, -0.6393208767744349, 0.4545026717305096, 0.0, 0.0, 0.0, 1.0]
[0.15037609370850502, -0.9714557612006003, -0.1834179083066226, 0.6296351679151803, -0.6212242715349162, -0.2371745947421598, 0.7468735520364603, -0.6128225838372595, -0.7690566830852534, 0.0016317292248010243, -0.6391695926597764, 0.45433842460991014, 0.0, 0.0, 0.0, 1.0]
[0.16347342336052845, -0.9662718177211952, -0.19893899318216393, 0.6424357891774226, -0.6179394228068192, -0.25748260002478146, 0.7428626737508364, -0.6095201177746585, -0.7690305952933036, 0.0014939422559515853, -0.6392013180050754, 0.45442289404596714, 0.0, 0.0, 0.0, 1.0]
[0.17638443592135433, -0.9606763071505843, -0.21440894485399023, 0.6551690195126796, -0.6142822714847441, -0.27763239710642545, 0.7386262883269025, -0.6060132245798807, -0.7691076443551038, 0.0014254324483320686, -0.6391087626992938, 0.4543114509666448, 0.0, 0.0, 0.0, 1.0]
[0.18937581544542798, -0.9546202803198326, -0.22982315973597464, 0.6678468594596234, -0.6104949580133402, -0.2977903903931065, 0.7338991118690985, -0.6021539240537679, -0.769034104358108, 0.0013231374886212067, -0.6391974724971314, 0.4544635742080957, 0.0, 0.0, 0.0, 1.0]
[0.20182637112817517, -0.9482174696706338, -0.24521755799794095, 0.680334195745262, -0.6064076825703668, -0.31758761408558467, 0.7289710610675965, -0.598214790860341, -0.7691011541650928, 0.0015762271583676186, -0.6391162189895585, 0.45425791513668057, 0.0, 0.0, 0.0, 1.0]
[0.21472873660894776, -0.9413724577383163, -0.26017593212803886, 0.6928343719829357, -0.602090156048455, -0.33733819417212496, 0.7236582177586564, -0.5938512201861138, -0.768999194125118, 0.0012591527390239693, -0.639239601567105, 0.45451601483767246, 0.0, 0.0, 0.0, 1.0]
[0.22725663236997104, -0.9340488247070676, -0.2754803515951608, 0.705283632190196, -0.5972811505513129, -0.3571158739054762, 0.7181324082630067, -0.5892020773197714, -0.7691491384258113, 0.001338868657449844, -0.6390590114280374, 0.454276538529741, 0.0, 0.0, 0.0, 1.0]
[0.2396961312945537, -0.926404252143864, -0.29035029921302163, 0.7175199078271293, -0.5924038400672454, -0.37650267561926076, 0.7122457015712058, -0.5843838472480952, -0.7691451110273103, 0.0012820930206742735, -0.6390639751544828, 0.45430854637283685, 0.0, 0.0, 0.0, 1.0]
[0.2522211176426623, -0.9182724424008655, -0.3051930037376136, 0.7297837988292444, -0.5873474013596086, -0.39592295343260475, 0.7058741991179708, -0.5792678082705959, -0.7690177402585777, 0.0012179382417670007, -0.6392173695146094, 0.4544496110406562, 0.0, 0.0, 0.0, 1.0]
[0.2642420584189304, -0.9098089101765416, -0.32001031244554723, 0.741777373433649, -0.581875751762233, -0.4150018788284648, 0.6994170539050454, -0.5738864643013049, -0.7691407484816228, 0.0013908391087466845, -0.6390689983368697, 0.45430398556010987, 0.0, 0.0, 0.0, 1.0]
[0.27649116846322774, -0.9009410106247163, -0.3344261193748151, 0.7537259519579609, -0.5761881086635785, -0.4339177615446323, 0.6926128951344356, -0.568379292058017, -0.7691167948353069, 0.0011910045418557058, -0.6390982304571005, 0.4543308513741606, 0.0, 0.0, 0.0, 1.0]
[0.28843371668619494, -0.8916520479208364, -0.34892077524920545, 0.7655927720904225, -0.5702506196729877, -0.4526983379782061, 0.6854693566273945, -0.5625026501841158, -0.7691560106651769, 0.0012598140961045537, -0.6390509007303873, 0.45426166962639436, 0.0, 0.0, 0.0, 1.0]
[0.30045602243991, -0.8819553194511269, -0.3631312142582116, 0.7772999288431883, -0.5640252845908922, -0.4713113206137255, 0.6780344501171024, -0.5563334454534613, -0.7691439422000016, 0.0010956525064078216, -0.6390657287679846, 0.4543532620144654, 0.0, 0.0, 0.0, 1.0]
[0.3120145116768414, -0.8718745785836487, -0.37744556365061543, 0.7889237227060448, -0.5576542345950026, -0.48970767051476166, 0.6702220135322574, -0.5499752432033178, -0.7691875233273955, 0.001365122631526557, -0.6390127534386429, 0.4541832197748624, 0.0, 0.0, 0.0, 1.0]
[0.32404545561546166, -0.8613736207377709, -0.3911696832342299, 0.800409180786506, -0.5509130581909012, -0.5079521358134155, 0.6621696299424957, -0.5433429351646764, -0.7690709277504416, 0.0009274270326978514, -0.6391538626185798, 0.4544639765812616, 0.0, 0.0, 0.0, 1.0]
[0.3351746981477139, -0.8506538442313079, -0.4050060048943367, 0.8116230842790098, -0.5439902450817592, -0.525706695231531, 0.6539847591652536, -0.5366554963005423, -0.7692290178345359, 0.0011201716156353588, -0.6389632781147081, 0.4541921575998383, 0.0, 0.0, 0.0, 1.0]
[0.3465467358734086, -0.8394451162621915, -0.41859452587764884, 0.8227882921396561, -0.5368223883960115, -0.5434257244675788, 0.6453673148686214, -0.5295544993454145, -0.769225474144932, 0.0010609767440282354, -0.6389676453503197, 0.45422003000765415, 0.0, 0.0, 0.0, 1.0]
[0.3578801236872972, -0.8278138467541643, -0.4320073984392247, 0.8338795990035146, -0.52954634824279, -0.5609847366043476, 0.6362902892337133, -0.5221912859587321, -0.769079468607438, 0.001052292845371909, -0.639143391987002, 0.45439192246254856, 0.0, 0.0, 0.0, 1.0]
[0.36869488013796087, -0.8158924136352694, -0.4453854744338106, 0.8447103428527477, -0.5218256451519628, -0.5781859189708407, 0.6272059948633272, -0.5146678956358536, -0.769248222827327, 0.001165923439791387, -0.6389400747886091, 0.454149606757697, 0.0, 0.0, 0.0, 1.0]
[0.37990409254053936, -0.8035132488958718, -0.4582838965491576, 0.8554680254243018, -0.5139007194975604, -0.5952700963976009, 0.6176954392826599, -0.5068452828414567, -0.769129168522458, 0.0008473988436488096, -0.6390838868670706, 0.45437652463517747, 0.0, 0.0, 0.0, 1.0]
[0.39023384847281056, -0.7910588950574533, -0.47109275919606636, 0.8658872650434699, -0.5059777638713184, -0.611723331089105, 0.6080862889163585, -0.4990483135797012, -0.7692104997171373, 0.0010666081466150306, -0.6389856629572906, 0.4542338580685521, 0.0, 0.0, 0.0, 1.0]
[0.40091654415695405, -0.7779366559828869, -0.48380340768888824, 0.8763219346848419, -0.49751786975101053, -0.6283266981400325, 0.5980544814845848, -0.4907223983811939, -0.7692351011237524, 0.0009309048372765745, -0.6389562581936448, 0.45424805475657976, 0.0, 0.0, 0.0, 1.0]
[0.4112893949611134, -0.7645877726608034, -0.4962177537346692, 0.8865233776166535, -0.489082442317183, -0.6445039466578604, 0.5877077711662495, -0.48232667432349335, -0.7691684764151405, 0.000973417300787306, -0.6390363969206435, 0.4542606700840087, 0.0, 0.0, 0.0, 1.0]
[0.4215241145001146, -0.7509224142592806, -0.5083489656912037, 0.8965606662774988, -0.4802600534542133, -0.6603753667024561, 0.5772710099663956, -0.47365752202927314, -0.7691868751170021, 0.0008060501335798118, -0.6390144835080509, 0.4542734713727456, 0.0, 0.0, 0.0, 1.0]
[0.4313882113678111, -0.7369853268913643, -0.5203295096174788, 0.9063307064463164, -0.4713522730169334, -0.6758939595303475, 0.566552130856794, -0.4648397745155061, -0.7692281798763351, 0.0008545866990504239, -0.6389646973369187, 0.4542764853601794, 0.0, 0.0, 0.0, 1.0]
[0.4412420005952513, -0.722688908182952, -0.5319891302156513, 0.9159954656131502, -0.46219963011132587, -0.6911591237647916, 0.5555693089718962, -0.4559012134321422, -0.7691929184131001, 0.0007446658488393088, -0.6390072834177123, 0.45423214148424196, 0.0, 0.0, 0.0, 1.0]
[0.45096384499579484, -0.7078782969590098, -0.5436233658522309, 0.9255091978854538, -0.45276939842831093, -0.706320401175711, 0.5441487024990986, -0.44651319590565625, -0.769163330674755, 0.0007446332000217082, -0.6390428981438094, 0.45432286767047453, 0.0, 0.0, 0.0, 1.0]
[0.4600703267316468, -0.6930375187976682, -0.5549963686900724, 0.9347061918039554, -0.44327500153849203, -0.7208875803883175, 0.5327425087828974, -0.4371404777449062, -0.769300535794233, 0.0009169961053644409, -0.6388774922287823, 0.45412779774778034, 0.0, 0.0, 0.0, 1.0]
[0.46940900557946286, -0.6778171259398568, -0.5658675119878184, 0.9437792964278627, -0.43347786282937595, -0.7352171254396194, 0.5210937494920885, -0.42756165900339, -0.7692417531693041, 0.0006849409783006621, -0.6389485606189225, 0.45419724914438986, 0.0, 0.0, 0.0, 1.0]
[0.47847405090276723, -0.6623179798164129, -0.5765280761244721, 0.9525704467344697, -0.4235441584554472, -0.7492098105819709, 0.5091961747941451, -0.4178070770798914, -0.7691902725283073, 0.0005479423701294639, -0.639010667372013, 0.4543276272296393, 0.0, 0.0, 0.0, 1.0]
[0.4870448155999499, -0.6463661404767287, -0.587354704573389, 0.9612811018318141, -0.4134545600867642, -0.763014297253046, 0.49684002300510055, -0.40772151404987655, -0.7693006052525108, 0.0008611236070878203, -0.6388774863428809, 0.4540754631852853, 0.0, 0.0, 0.0, 1.0]
[0.49580365019992684, -0.6302121172590233, -0.5974939731474075, 0.969713144852232, -0.4030374040742334, -0.7764103780045757, 0.4844925614326319, -0.3975054516299137, -0.7692336044835406, 0.0005992394343196655, -0.638958457154276, 0.45425836916538764, 0.0, 0.0, 0.0, 1.0]
[0.5040932361316441, -0.6138890115047587, -0.6074686349796162, 0.9779148666007609, -0.3925837077386999, -0.7893799469723639, 0.4719558953101978, -0.3872298021353777, -0.7692520969134046, 0.0005725144769395167, -0.6389362177854309, 0.4541893977274115, 0.0, 0.0, 0.0, 1.0]
[0.5121856121722128, -0.5972877956935397, -0.617171992422115, 0.9858999771188258, -0.3819748707437226, -0.8020147925617762, 0.45918653844961227, -0.37681801334443016, -0.7692475828400764, 0.0005554537350290875, -0.6389416676633164, 0.4541831745798024, 0.0, 0.0, 0.0, 1.0]
[0.5201343612735586, -0.580243577397433, -0.6267104163601753, 0.9936709480744568, -0.3711875742797859, -0.8144309128726692, 0.44598951706094764, -0.36606222273328337, -0.7691948893642261, 0.000652646633409228, -0.6390050114806598, 0.45430621136976107, 0.0, 0.0, 0.0, 1.0]
[0.5277947081550934, -0.5630577730440356, -0.6359144776355788, 1.0012547911881555, -0.36010362217089326, -0.8264057134214065, 0.43285486291575215, -0.3551931313658523, -0.7692456527300565, 0.0005366007413511029, -0.6389440075496867, 0.45418260581795167, 0.0, 0.0, 0.0, 1.0]
[0.5352159567701819, -0.5456179023321585, -0.6448517172672075, 1.008589114950885, -0.34890644049361, -0.8380224476054473, 0.419483978119545, -0.34416540480160124, -0.7692781826503764, 0.0004783986188788252, -0.6389048871612538, 0.45416039615604265, 0.0, 0.0, 0.0, 1.0]
[0.5424377058733002, -0.5280036299844693, -0.6534236521751742, 1.0156439945064462, -0.33762637421650865, -0.8492306797530105, 0.405955174623892, -0.3331009541726152, -0.769253218115812, 0.00040766490083421193, -0.6389349943258251, 0.4542053451625818, 0.0, 0.0, 0.0, 1.0]
[0.5494429187344206, -0.509970264807292, -0.6618398510510961, 1.0225493867095516, -0.3261933831335184, -0.8601806929311959, 0.39200861960906896, -0.3216998786776246, -0.7692146012353893, 0.0005014199798828359, -0.6389814189104839, 0.4542610710602929, 0.0, 0.0, 0.0, 1.0]
[0.5559160209627857, -0.49196984221208084, -0.6700092848965036, 1.0291323522330604, -0.3146288758412385, -0.8706010107863561, 0.3782142930742078, -0.3103441934002517, -0.7693807867532114, 0.0005488832331126998, -0.6387812666843425, 0.45399080002191156, 0.0, 0.0, 0.0, 1.0]
[0.5628339858129278, -0.473617454903633, -0.6774171483341161, 1.0355357209657758, -0.3028866802582418, -0.8807197012130485, 0.3641095524878095, -0.2987691036614194, -0.7690632680327951, 0.0002474005096499708, -0.6391637043277734, 0.45447662108234943, 0.0, 0.0, 0.0, 1.0]
[0.5688022471752869, -0.45502866920271434, -0.6851296944153564, 1.041647574280887, -0.29103679134141575, -0.8904658697456083, 0.349787397493522, -0.28708914866282004, -0.7692479032114714, 0.00043809018745927085, -0.6389413731986913, 0.4541899277786754, 0.0, 0.0, 0.0, 1.0]
[0.5746945048558972, -0.43629354618858046, -0.6923612812607692, 1.0475482584984497, -0.27903200340614637, -0.8997935863520053, 0.33540357157342077, -0.27522108886517443, -0.7693166539629801, 0.0004363658987522895, -0.6388585918548322, 0.45411201848509475, 0.0, 0.0, 0.0, 1.0]
[0.5807033839988568, -0.41723494408204537, -0.6990627560690579, 1.0531975500018405, -0.26672778263935953, -0.9087880545831872, 0.32084776872178883, -0.2631655561775352, -0.7691687829610449, 0.0001420738068339481, -0.6390367535466032, 0.4543381378573011, 0.0, 0.0, 0.0, 1.0]
[0.586067743305836, -0.39823587606094046, -0.7056366775746727, 1.0585571207947388, -0.2546539036193054, -0.9172725169883076, 0.30617816828392697, -0.2512540364575452, -0.7691922623954704, 0.00025198634567207283, -0.6390084573209314, 0.45430180611600046, 0.0, 0.0, 0.0, 1.0]
[0.5911480467847896, -0.3789077953563695, -0.7120136072561336, 1.0637061508504713, -0.2423410947275652, -0.9254239564946072, 0.2912793761270725, -0.23906954617629922, -0.7692824757460562, 0.0003609227771630709, -0.6388997950579823, 0.45412356825941214, 0.0, 0.0, 0.0, 1.0]
[0.5962273536939197, -0.35936558767022214, -0.7178857752341379, 1.0685917337148245, -0.22977420274017046, -0.9331865187575309, 0.2763131444927624, -0.22671465573817942, -0.7692187630079449, 0.00020617673116788622, -0.6389765722598933, 0.4542407687609894, 0.0, 0.0, 0.0, 1.0]
[0.6008603587191083, -0.3398156397805989, -0.7235212407741027, 1.0731813610086305, -0.21732342950227926, -0.940481794326693, 0.2612404685128483, -0.21432985248309425, -0.7692321517009805, 0.0002690757401943517, -0.6389604305118511, 0.4542611514104881, 0.0, 0.0, 0.0, 1.0]
[0.6053965829642811, -0.31999647994543967, -0.7287579859957156, 1.077561676039629, -0.20465971352714565, -0.9474085443760366, 0.24599464155392367, -0.2019319707428187, -0.7691489620973087, 0.00022308522023421125, -0.6390605872483649, 0.45431536303797043, 0.0, 0.0, 0.0, 1.0]
[0.6093283295509039, -0.3000444862216762, -0.7339505510051882, 1.0816658826025056, -0.19179699528138153, -0.9539151029067959, 0.2307415459242624, -0.1892817775461465, -0.7693592439874544, 0.0001721496318855734, -0.6388074261181238, 0.454027154871185, 0.0, 0.0, 0.0, 1.0]
[0.6133438379114133, -0.2800172000097087, -0.7385058913521946, 1.0854800389931532, -0.1789222275772284, -0.9599849551825701, 0.21540047004622184, -0.17664056504348227, -0.7692703815149187, 2.0568173569181174e-05, -0.638914459017768, 0.4541842837403088, 0.0, 0.0, 0.0, 1.0]
[0.6171421231436919, -0.25985518214675335, -0.7426993005968273, 1.0890394715357852, -0.16618005520011972, -0.9656376202164062, 0.19977409983006403, -0.1639698119425921, -0.7690907202642545, 0.00013279865202540301, -0.6391307048875614, 0.45443659032390715, 0.0, 0.0, 0.0, 1.0]
[0.6203179913111787, -0.23966563871863084, -0.746831612034386, 1.0923239919347938, -0.1532134699198555, -0.9708455687249582, 0.18429844050495475, -0.15123664424886862, -0.7692281645857685, 0.0001010243098113243, -0.6389652792551112, 0.4542404967127545, 0.0, 0.0, 0.0, 1.0]
[0.6233440785216452, -0.21920863554577763, -0.7505873217765708, 1.0953752037006088, -0.1400835375801367, -0.9756681398934727, 0.16861072787494566, -0.13830170479253912, -0.7692850636612176, 4.2428501190429864e-05, -0.6388967794830048, 0.4541462138223358, 0.0, 0.0, 0.0, 1.0]
[0.6262682936494428, -0.19867266348006735, -0.7538626438307452, 1.098166946366537, -0.12708975693877192, -0.9800560646838359, 0.1527072350332996, -0.12534118021898105, -0.7691664091416546, 0.0001725206574403606, -0.6390396033150084, 0.45425168690063344, 0.0, 0.0, 0.0, 1.0]
[0.6286826562697692, -0.17816118637613781, -0.7569732415778511, 1.1006361454655103, -0.1137564647789864, -0.9839915294065289, 0.1371176343897312, -0.11248156621491304, -0.7692842981159715, -9.287871537719889e-05, -0.6388976959376863, 0.45408218646196213, 0.0, 0.0, 0.0, 1.0]
[0.6310067818352467, -0.15744223145660682, -0.7596276993569668, 1.1028480333029171, -0.10049107567336014, -0.9875184403771247, 0.12120191150518582, -0.09934917919688904, -0.7692286603404378, -0.0001434235115062799, -0.6389646743108188, 0.454210839701725, 0.0, 0.0, 0.0, 1.0]
[0.6330783288986733, -0.13669464673956633, -0.7619175327484669, 1.1047847916233162, -0.08740606022484865, -0.9906035114137045, 0.10509911216725647, -0.08626753603344295, -0.7691246693586427, 6.023945419959315e-05, -0.6390898605925018, 0.4543468352790712, 0.0, 0.0, 0.0, 1.0]
[0.6347689434008355, -0.11594538517026243, -0.7639483225253083, 1.1064703676120415, -0.07399463704735726, -0.9932458891909144, 0.08926532142556418, -0.07322594094501263, -0.7691384329775917, -0.0001347749154438239, -0.6390732844530104, 0.4543051201317624, 0.0, 0.0, 0.0, 1.0]
[0.636174884932036, -0.09509635841562955, -0.7656567325163265, 1.1078545638150867, -0.060698361624733646, -0.9954583968969664, 0.07320614062109895, -0.060062592594428046, -0.7691410609108007, -9.779885525813782e-05, -0.6390701283331793, 0.4542950885429968, 0.0, 0.0, 0.0, 1.0]
[0.6371987903550963, -0.07416820002263992, -0.7671172377320435, 1.108974795062178, -0.047301650307608044, -0.9972360862041842, 0.05712750637857919, -0.04684558435600438, -0.7692340361355491, -0.00011566663629434421, -0.638958208014675, 0.45415151468471804, 0.0, 0.0, 0.0, 1.0]
[0.6380177715294614, -0.053346168067672485, -0.7681663995043334, 1.1098305015838896, -0.033959456579012934, -0.9985664258509503, 0.041141560029467034, -0.03367184480369536, -0.7692599205877336, -0.0001625329578220286, -0.6389270339490187, 0.4540741518000597, 0.0, 0.0, 0.0, 1.0]
[0.6384158625636874, -0.032460253194041486, -0.7690017235830114, 1.1103985650444201, -0.020691940139599227, -0.9994633939473111, 0.02501053212383368, -0.020581685919934978, -0.7694009208088659, -5.4982807385839754e-05, -0.6387572484201179, 0.45384250641667057, 0.0, 0.0, 0.0, 1.0]
[0.6389055683088861, -0.011495279928449512, -0.7691941702239952, 1.1106660099812906, -0.007219009946866023, -0.9999242864529169, 0.008947385067213046, -0.007307839467713478, -0.769238784500947, -0.00016371377532781216, -0.6389524808574408, 0.45410980709779625, 0.0, 0.0, 0.0, 1.0]
[0.6389112075702486, 0.009581929647016162, -0.7692157007539546, 1.1106795861633656, 0.006330604973556641, -0.9999444285733546, -0.007197993088960404, 0.005989784088993015, -0.7692419250034438, -0.0002707222843809229, -0.6389486635161653, 0.45411450708283263, 0.0, 0.0, 0.0, 1.0]
[0.638645260948316, 0.030299743110106275, -0.7688993989397779, 1.1104928691480147, 0.019368541862991324, -0.9995312262963528, -0.02330117162687114, 0.01900728423403503, -0.7692449786352633, -1.1277362749351301e-05, -0.638945044358952, 0.45412218790587466, 0.0, 0.0, 0.0, 1.0]
[0.6379158276182298, 0.05138550776673472, -0.7683846957650955, 1.1099286300979287, 0.03297876468588098, -0.9986692324171017, -0.03940738640643571, 0.032369257531242326, -0.7693871228810308, -0.00020178255613639436, -0.6387738388589466, 0.4540211198129557, 0.0, 0.0, 0.0, 1.0]
[0.6370449740585038, 0.07223015984028355, -0.7674298606536378, 1.1090895352324908, 0.04632584641981638, -0.9973783081602109, -0.05541870078694005, 0.045510010338370585, -0.7694207976663329, -0.0002476330574492966, -0.6387332593346192, 0.45404770393604743, 0.0, 0.0, 0.0, 1.0]
[0.6358838599526639, 0.09316563860720749, -0.7661357113529674, 1.1079944978622505, 0.0597296870285646, -0.9956409110764887, -0.0715009511036798, 0.058641781888211654, -0.7694574894302992, -0.0002947454824248552, -0.6386890368410529, 0.45401589657582864, 0.0, 0.0, 0.0, 1.0]
[0.6345463874984127, 0.11392093749904227, -0.7644376363369407, 1.1066457051212848, 0.07303814777251608, -0.9934800653484603, -0.08742815788387227, 0.07176470520143208, -0.7694134506127915, -0.0003558872947983458, -0.6387420585499469, 0.4540593192533599, 0.0, 0.0, 0.0, 1.0]
[0.6329150615485029, 0.134704080310652, -0.7624075509015259, 1.1050086736336464, 0.08632057993150363, -0.9908760912720085, -0.10341316175938194, 0.08489326599392608, -0.7693815888403831, -0.00035971429811255815, -0.6387804351287423, 0.45408970175543123, 0.0, 0.0, 0.0, 1.0]
[0.6308313039523802, 0.1555119663030042, -0.760170879988637, 1.1030691121266967, 0.09956621209382198, -0.98782420900962, -0.1194609692096481, 0.09800804792767549, -0.7694928084551771, -0.0003276160865584852, -0.6386464671888451, 0.45395375069506577, 0.0, 0.0, 0.0, 1.0]
[0.6285648495375485, 0.17605182378276743, -0.757564374555729, 1.1009059676158242, 0.11279368681866081, -0.9843710022137513, -0.13517548933267562, 0.11092993556740381, -0.7695222940506022, -0.0004819176950558182, -0.6386108404088199, 0.45385157816480837, 0.0, 0.0, 0.0, 1.0]
[0.6260568264628732, 0.19666711670642664, -0.754563850325673, 1.0984558280595766, 0.12598425938773106, -0.9804603637574829, -0.15101863291173592, 0.12397860271090176, -0.7695203462722534, -0.0005169217865516375, -0.6386131601330853, 0.4538255518971378, 0.0, 0.0, 0.0, 1.0]
[0.6235272403305835, 0.21714115083219926, -0.751036023031465, 1.0957111275688454, 0.13898941156142652, -0.9761302866991793, -0.16683192030594263, 0.13691064610466291, -0.7693350836538934, -0.0003618080351609883, -0.6388364442297515, 0.45412604865194756, 0.0, 0.0, 0.0, 1.0]
[0.6203117091726045, 0.23746275789660862, -0.7475401848213076, 1.0927051979606537, 0.15200938383571863, -0.9713866212268878, -0.1824351035877011, 0.14966484565832144, -0.7694720771999822, -0.0004664919675581055, -0.6386713591952202, 0.45391972612784304, 0.0, 0.0, 0.0, 1.0]
[0.6170661334963138, 0.257713525998305, -0.7435082484482525, 1.0894457333039977, 0.16491800638651924, -0.9662113190940196, -0.19803848115253184, 0.1624822626700719, -0.7694232807516379, -0.00041505821774324525, -0.6387301812754818, 0.45395908974021937, 0.0, 0.0, 0.0, 1.0]
[0.6135398448908318, 0.2780531883848868, -0.739084938961873, 1.0858855675343464, 0.17802613572092146, -0.9605555117067908, -0.21359173482387522, 0.1752892838081478, -0.7693219746197417, -0.0005293957991112396, -0.6388521141975289, 0.4541112915910061, 0.0, 0.0, 0.0, 1.0]
[0.6095091956689044, 0.29802090035559736, -0.7346245439878284, 1.0820881218161191, 0.19079552676722591, -0.9545490585727524, -0.22894304486987044, 0.18789975090646793, -0.7694649792302899, -0.0006201857136662744, -0.6386797801530808, 0.4538905790851746, 0.0, 0.0, 0.0, 1.0]
[0.6056968161989472, 0.3179304631400581, -0.7294124881187101, 1.0780473509886015, 0.2036119484570753, -0.9481036783646657, -0.24417920541058957, 0.20042805363171678, -0.7691906708958322, -0.0006185306355909352, -0.6390101234108311, 0.45423955189587745, 0.0, 0.0, 0.0, 1.0]
[0.6012314296248716, 0.33775658001786624, -0.7241768461710125, 1.0736694773535727, 0.216167389168294, -0.9412231297913367, -0.25952403252071077, 0.21295552075579682, -0.7692679473321404, -0.0005094130384783795, -0.6389171871330391, 0.45417687331505796, 0.0, 0.0, 0.0, 1.0]
[0.5965416391848136, 0.35732580564931526, -0.7186424920937314, 1.069107547755446, 0.22873537555664286, -0.9339692922760077, -0.2745244742097388, 0.2253360384973, -0.7692846986576984, -0.0006136804785947578, -0.6388969256595134, 0.4540997297759151, 0.0, 0.0, 0.0, 1.0]
