[-0.5703580473351642, -0.45452151282168135, 0.6841722380646001, 0.4265588970713906, -0.2910614766435775, 0.8907249524206451, 0.34910653005785236, -0.027180305655038758, -0.76808571237544, -2.0463093872317936e-05, -0.6403381757576553, 0.37987883940430395, 0.0, 0.0, 0.0, 1.0]
[-0.5650822149737161, -0.47219002049216047, 0.6765413764664128, 0.4269335953345368, -0.30244331590585005, 0.8814858162390938, 0.3626211177011038, -0.028433499597378162, -0.7675877004521904, 0.00029532714077434825, -0.6409350130287264, 0.3794626332309598, 0.0, 0.0, 0.0, 1.0]
[-0.5586301808832165, -0.49079160988757276, 0.6686144408987263, 0.42753564992209936, -0.3144400533434298, 0.871265899492962, 0.3768377186584206, -0.029454480923019832, -0.7674897528703389, 0.0002737624753892443, -0.6410523092681287, 0.3794475061074212, 0.0, 0.0, 0.0, 1.0]
[-0.5520009458567151, -0.5088993290873796, 0.660534310814562, 0.4281543410646295, -0.3261431603860681, 0.8608148314599857, 0.3906560508041741, -0.03054486586259107, -0.7674023335955448, 0.00021376187605839255, -0.6411569809390038, 0.3794314638822345, 0.0, 0.0, 0.0, 1.0]
[-0.5451113379211535, -0.5267600702797071, 0.6522011914671308, 0.42880169340855845, -0.33748589507476157, 0.8500026135807474, 0.40445361156384607, -0.031667348364989335, -0.7674227301797915, 0.00036354645550009784, -0.6411324995208216, 0.37940534586687685, 0.0, 0.0, 0.0, 1.0]
[-0.5379520789965725, -0.5442566546053778, 0.6437243040620532, 0.4294949622635927, -0.3486451211594937, 0.8389071968073291, 0.41792990367769317, -0.03275602394463709, -0.7674860826726146, 0.0003949225752270572, -0.6410566402212673, 0.3794395902688813, 0.0, 0.0, 0.0, 1.0]
[-0.5306995338448443, -0.5616724303510061, 0.6347208750064245, 0.43016340292132993, -0.3596381421576488, 0.8273477773535212, 0.4314399062374286, -0.033790510622524875, -0.7674628058632342, 0.0006951208462790018, -0.641084251980126, 0.37934593935392835, 0.0, 0.0, 0.0, 1.0]
[-0.5229865419000448, -0.5788954066209994, 0.62558250203527, 0.4308825098395562, -0.3706832444837269, 0.8153897382547284, 0.4446549905201392, -0.034741655709449586, -0.7675022841344893, 0.0006556242840432284, -0.64103702900287, 0.37938620163727704, 0.0, 0.0, 0.0, 1.0]
[-0.5150645088502861, -0.5956373164930427, 0.6163706679617922, 0.43164893559409545, -0.3811510340519112, 0.803241090194603, 0.4577252679596043, -0.035834130272577765, -0.7677324975961232, 0.0008277228770746806, -0.6407610933473119, 0.37947154009039086, 0.0, 0.0, 0.0, 1.0]
[-0.5070602147318808, -0.6124058773582332, 0.6064955143385494, 0.43240256242116903, -0.3917750608978785, 0.7905306175045089, 0.470700177436045, -0.036751038375801744, -0.767712828599165, 0.001063515980780043, -0.640784311643859, 0.379394395735502, 0.0, 0.0, 0.0, 1.0]
[-0.49863722175877134, -0.6288005656751442, 0.5966224684724689, 0.43321541975124844, -0.4024316561187649, 0.7775538050470269, 0.4831605155987138, -0.03777960255880785, -0.7677176760576835, 0.0008220490966367907, -0.6407788591083531, 0.3794667607313652, 0.0, 0.0, 0.0, 1.0]
[-0.4902239842794242, -0.6449281050972021, 0.5862896463085778, 0.4339915301229515, -0.4125469166186131, 0.7642297930994562, 0.49572506810701933, -0.03871004969608738, -0.7677670439181992, 0.0011443321645908757, -0.6407192111070602, 0.3793940263378613, 0.0, 0.0, 0.0, 1.0]
[-0.48147977120751834, -0.6606971280262834, 0.5758851161518849, 0.4348100923865372, -0.42260190393514047, 0.7506388650366931, 0.5078726592651899, -0.03970052191343333, -0.767831757359357, 0.0011602652518613692, -0.6406416275622702, 0.37943247896378407, 0.0, 0.0, 0.0, 1.0]
[-0.4726565961257264, -0.676331571578761, 0.5649409164779635, 0.4356793929122094, -0.4326298955765202, 0.7365830839283976, 0.5198679488286885, -0.04057909444732567, -0.7677290293414075, 0.001308685425466202, -0.640764447101812, 0.37934959332051765, 0.0, 0.0, 0.0, 1.0]
[-0.4633622188209983, -0.6914497725141406, 0.5542376090762589, 0.4365175476439927, -0.4422985736754105, 0.7224103220734897, 0.5314898718051903, -0.04156417578023773, -0.7678855206312898, 0.0011338223088420425, -0.6405772309830677, 0.37941937443528917, 0.0, 0.0, 0.0, 1.0]
[-0.45391625187815826, -0.7064666286295064, 0.5430021755180775, 0.43742074503690076, -0.4518766343986273, 0.7077318478550365, 0.5430557647612598, -0.04245538166202894, -0.7679507083574192, 0.001131841757016224, -0.6404990817653046, 0.3794843223915051, 0.0, 0.0, 0.0, 1.0]
[-0.44445331641978597, -0.7211446472405161, 0.5314111696364282, 0.4383112200770655, -0.46120072046163324, 0.692769382249643, 0.5543925890794745, -0.04327545856936735, -0.7679426357940627, 0.0013144105172440128, -0.6405084120910515, 0.3794336312078801, 0.0, 0.0, 0.0, 1.0]
[-0.4345650113260487, -0.7354400642423086, 0.5198722085465809, 0.43927071671365614, -0.47039649877076306, 0.67757463216242, 0.5653376443452396, -0.044168464378055196, -0.7680241739532728, 0.001129893109395058, -0.6404109888712685, 0.3795413663150834, 0.0, 0.0, 0.0, 1.0]
[-0.42466924317411836, -0.7494730083364664, 0.5078700193628861, 0.44019240330148407, -0.4792889893047211, 0.6620191309937286, 0.5761943021734472, -0.04497808769526431, -0.7680617459126505, 0.0012754899466301797, -0.6403656530258284, 0.37946463236064304, 0.0, 0.0, 0.0, 1.0]
[-0.4143523883512164, -0.7632402467262223, 0.49574378727759844, 0.44116975655368385, -0.4882238623872703, 0.6460990342156745, 0.5866693034672605, -0.04578110285384733, -0.76806920610353, 0.00105388048484161, -0.6403571079834303, 0.37956122391671987, 0.0, 0.0, 0.0, 1.0]
[-0.4042060319411835, -0.7765644241995678, 0.4832705477064767, 0.4420892771481125, -0.49672475416232525, 0.6300213715520027, 0.5969298093206133, -0.04660580266297836, -0.7680252269593421, 0.0012301855695005456, -0.640409541203079, 0.3794389376572779, 0.0, 0.0, 0.0, 1.0]
[-0.39353356230513475, -0.7895362420971235, 0.47090219155231133, 0.4431349373371432, -0.5050370019930369, 0.6136874233811687, 0.6068881371995294, -0.04739137619060982, -0.7681469318161233, 0.0010078194993281481, -0.640263941603551, 0.37960225344107407, 0.0, 0.0, 0.0, 1.0]
[-0.3829991096312023, -0.8023047447743026, 0.45782481469839736, 0.444107732548196, -0.5132169071673977, 0.5968972541325294, 0.6166929083884015, -0.048134387709408887, -0.7680500212358861, 0.0012293994046360416, -0.640379805888531, 0.37948703181403703, 0.0, 0.0, 0.0, 1.0]
[-0.37200377309572236, -0.8145949154078364, 0.44500884962209997, 0.44515678840736655, -0.521059914857102, 0.5800127206135892, 0.6261550163667108, -0.04885537279046883, -0.7681734861558711, 0.0010557553364817659, -0.6402320042272328, 0.3795941399117612, 0.0, 0.0, 0.0, 1.0]
[-0.3612348563693505, -0.8265298448507595, 0.4316736367667304, 0.4461482612239256, -0.5285450464638268, 0.5628740826869236, 0.6354537136784929, -0.04954547553810116, -0.7681993616917253, 0.0013890685879401506, -0.640200319503823, 0.3794754339151635, 0.0, 0.0, 0.0, 1.0]
[-0.349858192945373, -0.8382252723917492, 0.41828429687223456, 0.44721263105500797, -0.5361524430332343, 0.5453052241938194, 0.6443380405778779, -0.05021307534618656, -0.7681930418584256, 0.001162794872051611, -0.6402083539398415, 0.3795590468235269, 0.0, 0.0, 0.0, 1.0]
[-0.33859838925908015, -0.8495158952679301, 0.4045463784274307, 0.4482584946859731, -0.5433104369327222, 0.5275430884212413, 0.6530704535855094, -0.05080762457224303, -0.7682093769359621, 0.0013343340337924944, -0.6401884178543588, 0.3794667044194404, 0.0, 0.0, 0.0, 1.0]
[-0.327162222006961, -0.8603680270120295, 0.3907882108422449, 0.4493357904573457, -0.5502716678694547, 0.5096526253414014, 0.6613958437164832, -0.051471495867408075, -0.7682100747405262, 0.0013440532925710587, -0.6401875601581763, 0.3794802259154007, 0.0, 0.0, 0.0, 1.0]
[-0.31571814413777816, -0.8707398183345204, 0.3769850200424319, 0.4504337122194003, -0.5568554502146351, 0.49172238347731545, 0.6694105463541675, -0.05215644390362593, -0.768254390114148, 0.001418892301292184, -0.6401342164682516, 0.37946872133203235, 0.0, 0.0, 0.0, 1.0]
[-0.3038331999235215, -0.8808430388322603, 0.3630209521785738, 0.45155978633230526, -0.5632984188811696, 0.4733864055813441, 0.6771925711880397, -0.05274331889645216, -0.7683495459824364, 0.0012644574855719154, -0.640020319839217, 0.3795219181486889, 0.0, 0.0, 0.0, 1.0]
[-0.2921386165068055, -0.8905409500343276, 0.34867597085667384, 0.4526688755031468, -0.5695396153496376, 0.4548797122806098, 0.6846158373199277, -0.05336536112651593, -0.768284063477881, 0.0014179452299202613, -0.6400986038399789, 0.3794724156107023, 0.0, 0.0, 0.0, 1.0]
[-0.27989908454184187, -0.8999325922089056, 0.3343063424381802, 0.45379498477769553, -0.5756205042019694, 0.43600533575361555, 0.6917733319627773, -0.053898188315074674, -0.7683087169335758, 0.0011931369346594703, -0.6400694701286128, 0.3795176009226354, 0.0, 0.0, 0.0, 1.0]
[-0.26767580910883565, -0.9089120754527256, 0.3197048875103089, 0.4549473761008851, -0.5814040867319465, 0.4169631935057409, 0.6986423459491433, -0.05441278461605104, -0.7683096355314892, 0.001131927082961137, -0.6400684786401358, 0.3795375015302871, 0.0, 0.0, 0.0, 1.0]
[-0.25559290978307214, -0.9173717322718463, 0.30509655578532185, 0.456091333868332, -0.5867616337295013, 0.3980054736256087, 0.7051898676773395, -0.05493873357062126, -0.7683513496785942, 0.0012225767113515104, -0.640018235812973, 0.37955485570004366, 0.0, 0.0, 0.0, 1.0]
[-0.24325747092149352, -0.9254844464378497, 0.29032173863509647, 0.457263771319828, -0.5919043534486261, 0.37875821082859706, 0.7114646488552443, -0.055433016489129454, -0.7684112089959717, 0.0012263901316874517, -0.6399463583029272, 0.3795504146597879, 0.0, 0.0, 0.0, 1.0]
[-0.23086046280223585, -0.9332247634918184, 0.27527657613276013, 0.4583935382872112, -0.5968641118963471, 0.35926389996945407, 0.7174073724647345, -0.05590756882975975, -0.7683992618073827, 0.0013182888855975516, -0.6399605210994428, 0.37952454727743756, 0.0, 0.0, 0.0, 1.0]
[-0.21833097804738563, -0.9405164218743725, 0.2602738852894458, 0.4595944951344734, -0.6015391517764558, 0.33971744942630405, 0.723003122107059, -0.056383734121546854, -0.7684158898709361, 0.0012890465943717646, -0.6399406144790168, 0.3795090833411896, 0.0, 0.0, 0.0, 1.0]
[-0.20566022914807736, -0.9474124034406859, 0.24514385955911447, 0.46079283714936325, -0.6059850711590096, 0.3199827924232461, 0.728274717756584, -0.056832254017240146, -0.7684183174419901, 0.0012236261574462418, -0.63993782791536, 0.37954477175160384, 0.0, 0.0, 0.0, 1.0]
[-0.1930437989595769, -0.9538779828107583, 0.2298535396411488, 0.4619713673769379, -0.6100992542759557, 0.3001596288241411, 0.7332627059599428, -0.0572040778889773, -0.7684359039740306, 0.0013183452661328654, -0.6399165214016103, 0.3794834809729897, 0.0, 0.0, 0.0, 1.0]
[-0.17999526526160917, -0.9599508476240698, 0.21465718871987088, 0.46322634071174656, -0.613974709469561, 0.2801322073820847, 0.7379378251168391, -0.057601665970858903, -0.7685164328213023, 0.0010312294986448366, -0.6398203322751717, 0.3795930967399448, 0.0, 0.0, 0.0, 1.0]
[-0.16733068111800853, -0.9656069379347144, 0.19896028148296266, 0.4643665137418254, -0.6176169829691143, 0.25996584218467783, 0.7422657056624847, -0.0579112257945918, -0.7684597923157208, 0.0013225773188497018, -0.6398878250049722, 0.37951384374952835, 0.0, 0.0, 0.0, 1.0]
[-0.1543086165065637, -0.9708576703066101, 0.18331838094514988, 0.4656080035789841, -0.6208925456823124, 0.23961282766465877, 0.7463709612197954, -0.05818803830331338, -0.7685454082155303, 0.0013504542111067751, -0.6397849321885345, 0.379488279474707, 0.0, 0.0, 0.0, 1.0]
[-0.141152102161432, -0.9756900090095889, 0.16758991027295225, 0.46684865048780094, -0.6240554006144934, 0.2191075282618482, 0.7500255499181552, -0.05843261991970134, -0.7685126465585983, 0.0012822944513973748, -0.6398244262644811, 0.37952506891953436, 0.0, 0.0, 0.0, 1.0]
[-0.12811893938958543, -0.9800326091816318, 0.15199609867460254, 0.46811122881685086, -0.6267547485901143, 0.19878438970519585, 0.7534287806733185, -0.058720574978593516, -0.7685992254684094, 0.0012642196739754818, -0.6397204533550706, 0.3794985439124959, 0.0, 0.0, 0.0, 1.0]
[-0.11488674728063947, -0.9839631057921951, 0.136377222158866, 0.46932951875893975, -0.6293951598379858, 0.17831498044375496, 0.7563446709655818, -0.059045358735121206, -0.7685333531949015, 0.0010588155313413315, -0.6397999624712376, 0.37959124658337207, 0.0, 0.0, 0.0, 1.0]
[-0.10195679131070393, -0.9874482388398577, 0.12054797800613315, 0.47050692172246117, -0.6316007054933712, 0.15787702919869243, 0.7590436298345804, -0.05937798559416852, -0.7685480521262869, 0.0012514650082902786, -0.6397819573934368, 0.3794930258041688, 0.0, 0.0, 0.0, 1.0]
[-0.08859315278326714, -0.9905493621569809, 0.10461439681397626, 0.4717703046839984, -0.633559848062926, 0.13708142345235858, 0.7614476424305298, -0.05952753416067468, -0.768592166954368, 0.0011795659716492292, -0.6397290956461461, 0.3795007244960889, 0.0, 0.0, 0.0, 1.0]
[-0.07528340687977639, -0.9931909454911235, 0.0887978217972597, 0.4730519932903866, -0.635247405357225, 0.11641026768343447, 0.7634797660209014, -0.05970772284163537, -0.7686181688827656, 0.0010687719717456367, -0.6396980488642526, 0.3795432459569752, 0.0, 0.0, 0.0, 1.0]
[-0.06203854767746247, -0.9953980265113446, 0.0729029261941878, 0.4743095455278348, -0.6366442894575796, 0.09572040763124187, 0.7651886513257656, -0.05982844200344972, -0.7686455712513623, 0.001057960981249795, -0.6396651399244614, 0.379555251049546, 0.0, 0.0, 0.0, 1.0]
[-0.048767166093183774, -0.9971891260347124, 0.05671348390473151, 0.4755221206482136, -0.6378360661942418, 0.07478727074062037, 0.7665272833548956, -0.05996786297840576, -0.7686141184458577, 0.0012074578683607174, -0.6397026689142007, 0.37949165153461506, 0.0, 0.0, 0.0, 1.0]
[-0.0352368761685485, -0.9985406448145281, 0.0406905638970017, 0.47678919342427634, -0.6386735871147382, 0.05381640238475953, 0.7675883888048903, -0.060015230799284676, -0.7686580244693239, 0.0010594285989140933, -0.6396501726581934, 0.37956985071280847, 0.0, 0.0, 0.0, 1.0]
[-0.022004928228598588, -0.9994488040636595, 0.024466908592187968, 0.47801716145068307, -0.6392174918068769, 0.032882053194460636, 0.7683175651903401, -0.06007792109187069, -0.7686985938604207, 0.0012670969362185188, -0.639601039245504, 0.3794510859198171, 0.0, 0.0, 0.0, 1.0]
[-0.008421561801650934, -0.9999170022431115, 0.008707139762225109, 0.47934875373283514, -0.6396026638353537, 0.012079683855456234, 0.7686056429738323, -0.0601187308243468, -0.7686470299251464, 0.000903750137095823, -0.6396636235600264, 0.37959246771442184, 0.0, 0.0, 0.0, 1.0]
[0.0048806416770942745, -0.9999499824000074, -0.0075471870859073085, 0.4805742069858666, -0.6395411968467949, -0.008923228101173868, 0.7686999135454489, -0.06009990455589886, -0.7687288102925487, 0.0010749882265191552, -0.6395650732195356, 0.3795041088532225, 0.0, 0.0, 0.0, 1.0]
[0.01834818999519772, -0.9995400704712587, -0.023743403322577263, 0.48180406053565167, -0.6393586690612355, -0.02998701207170675, 0.7683185430967803, -0.06007004838318762, -0.7686771644333882, 0.0010832961417338398, -0.6396271313291068, 0.37949162389037294, 0.0, 0.0, 0.0, 1.0]
[0.031882634481870606, -0.9986888557352497, -0.03981010503738968, 0.4831203900789066, -0.6388308431382453, -0.05099411806117518, 0.7676502108887339, -0.059995867573765245, -0.7686737919136973, 0.0009572118827612427, -0.6396313854552435, 0.37952839611646, 0.0, 0.0, 0.0, 1.0]
[0.045079006662585075, -0.9974173728580884, -0.055742929641786905, 0.48434158334471283, -0.6379610107336016, -0.0716821702841661, 0.7667199490459152, -0.05991325553608769, -0.768735571469985, 0.0009988420441487517, -0.6395570697990757, 0.37954763986385437, 0.0, 0.0, 0.0, 1.0]
[0.05850237241964408, -0.9956942347057947, -0.07177262343535706, 0.4856250017182496, -0.6367976375319545, -0.09258986822094104, 0.7654462179543919, -0.059792586207188005, -0.7687958039402941, 0.0009242173331299926, -0.6394847753813409, 0.37951770696986825, 0.0, 0.0, 0.0, 1.0]
[0.07188314600567752, -0.9935314193397713, -0.08780106735627295, 0.4868774572045547, -0.635517073014734, -0.11346916753434934, 0.7636980908079947, -0.05967784122334254, -0.7687207621290842, 0.0009020559680197511, -0.6395750141049314, 0.3795645936349428, 0.0, 0.0, 0.0, 1.0]
[0.08531799163923122, -0.9909256072656506, -0.10377010836921002, 0.4881227381746003, -0.6338824120286568, -0.13433747525614523, 0.7616681999575501, -0.05952371836987683, -0.7686967379432467, 0.0007940454737033537, -0.6396040320248676, 0.37953154132089745, 0.0, 0.0, 0.0, 1.0]
[0.09835084013133004, -0.9879158595676066, -0.11970960473525467, 0.48934961332579824, -0.6319036018472319, -0.15492606234669887, 0.7593995016477456, -0.05933014788090981, -0.7687689491122576, 0.000957351425546869, -0.6395170110570045, 0.37952425448168137, 0.0, 0.0, 0.0, 1.0]
[0.11178394695812995, -0.9844502569965197, -0.13543685157835852, 0.49060532381920124, -0.629687341861327, -0.17560740147569243, 0.7567348704730287, -0.05918189937845808, -0.7687515512851253, 0.000692060438119303, -0.6395382670682893, 0.3795979212394321, 0.0, 0.0, 0.0, 1.0]
[0.12469122351645598, -0.9805663942360284, -0.15140288474698704, 0.4918191458675713, -0.6271089739269247, -0.19613615216412675, 0.7538279858408402, -0.05891654030552294, -0.7688739691909833, 0.0009503738278194187, -0.6393907523990572, 0.3794595168183293, 0.0, 0.0, 0.0, 1.0]
[0.13809637727732418, -0.976205053133828, -0.16713578175616395, 0.4930635502564963, -0.6244587020209583, -0.21680378775796963, 0.7503592701042983, -0.058643744969232844, -0.7687401816962524, 0.0007474964788515669, -0.639551871410991, 0.3795447526631043, 0.0, 0.0, 0.0, 1.0]
[0.15095528202310632, -0.9714632119157627, -0.1829019455913466, 0.49428242512166637, -0.621319739444136, -0.23714795491808505, 0.7468025933815265, -0.05832364235396509, -0.7688660683809656, 0.0009067930791454205, -0.6394003165603896, 0.37949264702609675, 0.0, 0.0, 0.0, 1.0]
[0.16403755500667924, -0.9662884300745297, -0.19839318322946403, 0.49548771467138597, -0.6180326577070978, -0.2574234466615654, 0.74280560923482, -0.05799484940111645, -0.7688355230191567, 0.0007654503181502312, -0.6394372304905059, 0.3795595464909698, 0.0, 0.0, 0.0, 1.0]
[0.1770046961100309, -0.9606804920215097, -0.21387837061854825, 0.49673154007270237, -0.61439727245528, -0.2776207374462053, 0.7385350133436981, -0.05767973273359095, -0.7688732509690503, 0.0006821219416965562, -0.6393919585410647, 0.379507988824283, 0.0, 0.0, 0.0, 1.0]
[0.1899870776691592, -0.9546415043977654, -0.2292297253402841, 0.4979364312684435, -0.6106145849085877, -0.2977247698826869, 0.7338262088584342, -0.057295628341974734, -0.7687883232183319, 0.0005535166493151243, -0.6394941971690403, 0.3795893888624266, 0.0, 0.0, 0.0, 1.0]
[0.20239406979851138, -0.9482409185403968, -0.24465833372988766, 0.4990787476250092, -0.6065139235307587, -0.3175203388756712, 0.7289119777313046, -0.05701078522850191, -0.7688681603337003, 0.0008612242170912077, -0.6393978639754383, 0.37943654889308515, 0.0, 0.0, 0.0, 1.0]
[0.2153171288766256, -0.9413820479875687, -0.2596544216689701, 0.5003149521345401, -0.6021795128054659, -0.33731332230779487, 0.7235954564462511, -0.056556432222263746, -0.768764668328941, 0.0005560769882272175, -0.6395226319045276, 0.37961640719070233, 0.0, 0.0, 0.0, 1.0]
[0.2279355062669512, -0.9340480823462435, -0.2749214195601221, 0.5014918627886564, -0.5973486279099817, -0.357119902870236, 0.718074276170215, -0.05606279121700408, -0.7688958112892144, 0.0005493090811708062, -0.6393649560068718, 0.3795283822773655, 0.0, 0.0, 0.0, 1.0]
[0.24031166475124177, -0.9263967382545347, -0.28986505777023336, 0.5026519164194639, -0.5924540413639352, -0.37652289428697483, 0.7121932542452784, -0.05559614837688791, -0.7689143382440178, 0.0005833783738781132, -0.6393426443554191, 0.37952724000490456, 0.0, 0.0, 0.0, 1.0]
[0.2528174460632283, -0.918273965106329, -0.3046945984255891, 0.5038447273748503, -0.5873906372371811, -0.395920945349561, 0.7058393466586016, -0.05513051986994276, -0.7687888690358188, 0.0005262533787686016, -0.639493564001099, 0.37955086511295894, 0.0, 0.0, 0.0, 1.0]
[0.26481723442847016, -0.9098047574068828, -0.31954631680191586, 0.504926635853636, -0.5819356642797193, -0.41501263100784813, 0.6993608242117849, -0.05458348319122649, -0.7688975626767108, 0.0007525988008802185, -0.6393626427749297, 0.37948929214797067, 0.0, 0.0, 0.0, 1.0]
[0.27705939179040145, -0.9009306666114092, -0.33398341555601774, 0.5060855488805944, -0.576228781378464, -0.4339404991359195, 0.6925648101759895, -0.05412642906271776, -0.7688818061529559, 0.0005692714636667308, -0.6393817809723953, 0.37950704476923325, 0.0, 0.0, 0.0, 1.0]
[0.28905395602204587, -0.8916415119026897, -0.3484340814397502, 0.5072378608799696, -0.5703004987079836, -0.45272045701906954, 0.6854132482012508, -0.05354592238105804, -0.7688861414947201, 0.0005907195094558173, -0.639376547960158, 0.37950063422770786, 0.0, 0.0, 0.0, 1.0]
[0.3010885569784242, -0.8819182327293296, -0.3626971067805895, 0.5083258224365824, -0.5640374010056759, -0.47138177781278146, 0.6779753877634143, -0.05289737990377975, -0.7688876628120788, 0.00044410229222784347, -0.6393748371026481, 0.37956930984346166, 0.0, 0.0, 0.0, 1.0]
[0.312611092667655, -0.8718595233832976, -0.37698641799766014, 0.5094211026152143, -0.5576633393173369, -0.4897358449856775, 0.6701938501185678, -0.052310582059732026, -0.7689386527049995, 0.0007214729531483764, -0.6393132596063875, 0.37943280576477323, 0.0, 0.0, 0.0, 1.0]
[0.32469255990995727, -0.8613337441094263, -0.3907206277214655, 0.510541465121694, -0.5509172221828809, -0.508020525706098, 0.6621136965192093, -0.05165368958293751, -0.7687949679482986, 0.00027133179959459413, -0.6394863907501178, 0.3795890956102263, 0.0, 0.0, 0.0, 1.0]
[0.3358057061602115, -0.8506176882202533, -0.4045589873108228, 0.5115768824190843, -0.5440101175693823, -0.5257661565554302, 0.6539204235676027, -0.05108578914083689, -0.7689397028334517, 0.0004939726420075634, -0.6393122127937245, 0.3794813346278033, 0.0, 0.0, 0.0, 1.0]
[0.3471892677766487, -0.8394056451362593, -0.4181409910585828, 0.5126455331592333, -0.5367970350649183, -0.5434875779671616, 0.6453363160148544, -0.05035803757283188, -0.7689533811535233, 0.00040300121247644334, -0.6392958241916823, 0.3795126702584539, 0.0, 0.0, 0.0, 1.0]
[0.3585011573014161, -0.8277589298355887, -0.43159750646901635, 0.5137215966395327, -0.5294843691100322, -0.561066594959524, 0.6362696914025223, -0.049648198496017114, -0.7688328621897643, 0.0004207126985910235, -0.6394407495712693, 0.3795364470794574, 0.0, 0.0, 0.0, 1.0]
[0.3693107759369301, -0.8158316222709424, -0.4449863752321652, 0.5147040625691074, -0.5217687208462045, -0.5782725997056045, 0.6271734388643231, -0.04891737640866097, -0.7689913521130042, 0.0005580624448600058, -0.6392500320225551, 0.37944350196696147, 0.0, 0.0, 0.0, 1.0]
[0.3805264996561515, -0.8034625868187323, -0.45785613200368624, 0.5157470933404156, -0.5138539450327088, -0.5953390333083213, 0.6176679130528417, -0.048155832835314605, -0.768852686237726, 0.00023217078359290827, -0.6394170091353295, 0.3795678341707531, 0.0, 0.0, 0.0, 1.0]
[0.3908740398921137, -0.7910130405430121, -0.47063878517243285, 0.5167580994690418, -0.505956151756821, -0.6117833852333913, 0.6080438529886096, -0.0474970150234126, -0.7688996061509301, 0.0004540313641249828, -0.6393604669778877, 0.37949946820572406, 0.0, 0.0, 0.0, 1.0]
[0.40156109159697684, -0.7778692272925345, -0.4833770788938679, 0.5177189254089956, -0.49744236719754426, -0.6284107874871585, 0.5980289341154784, -0.04663687873162972, -0.7689476756799232, 0.0003070867840116547, -0.6393027401479959, 0.3795231168045351, 0.0, 0.0, 0.0, 1.0]
[0.41193746586330016, -0.7645211394872845, -0.49578264473090633, 0.5186947530167729, -0.4890261686851564, -0.644583616263874, 0.5876672221567198, -0.045874594938735594, -0.7688573843440979, 0.0003685409871849717, -0.6394112957918655, 0.379494816059205, 0.0, 0.0, 0.0, 1.0]
[0.42213094870291057, -0.7508611295973995, -0.5079357640325627, 0.5196741882845736, -0.4801961091015618, -0.6604454974904977, 0.5772439725853646, -0.04500246506469828, -0.7688939496784389, 0.00023623178146873659, -0.6393673871339729, 0.37950185625558847, 0.0, 0.0, 0.0, 1.0]
[0.4320234092916692, -0.7369017166540175, -0.5199207489307824, 0.5205838128252462, -0.47122783622708403, -0.6759856132766103, 0.5665462943720246, -0.04412561298748257, -0.7689478832079268, 0.00023986791205388337, -0.6393025192853392, 0.37954479757600496, 0.0, 0.0, 0.0, 1.0]
[0.44187285164671425, -0.7226199921595418, -0.5315589495699243, 0.5215367081200932, -0.46211301189438464, -0.691231559675088, 0.5555512436044523, -0.043343714182782274, -0.7688827570681432, 0.00015729493779531852, -0.6393808715168644, 0.3794860220546557, 0.0, 0.0, 0.0, 1.0]
[0.4516277891916782, -0.7078236609580951, -0.5431431042261257, 0.5224078780829574, -0.45272243955891933, -0.7063755289097796, 0.544116211758199, -0.04243475893447778, -0.7688013265147676, 0.00015506939514943135, -0.6394787849753224, 0.3795498929298244, 0.0, 0.0, 0.0, 1.0]
[0.4607141250123243, -0.6929750337576578, -0.5545401384174659, 0.5232669176631835, -0.4431904529885523, -0.7209481537689348, 0.532730882275312, -0.04152001727978771, -0.7689638901113227, 0.0003302528510572804, -0.6392832251468088, 0.37947595072383583, 0.0, 0.0, 0.0, 1.0]
[0.470104143218972, -0.6776480819734112, -0.5654927720344511, 0.5241893727999385, -0.4332422447375032, -0.7353732538094873, 0.5210693901297918, -0.04055922873116021, -0.7689499325732293, 3.8478734440792233e-05, -0.6393000981124273, 0.37948218420115853, 0.0, 0.0, 0.0, 1.0]
[0.4791630271538936, -0.6622018042673133, -0.5760891427795236, 0.5249911247521066, -0.42338624626573335, -0.7493126933434956, 0.5091761115104935, -0.0396888637810923, -0.7688482469141341, -7.014726994981984e-05, -0.6394223854687973, 0.379592366309747, 0.0, 0.0, 0.0, 1.0]
[0.487731713584967, -0.6462711779700795, -0.5868890171936436, 0.5258059786963342, -0.4133416697874496, -0.7630951679522533, 0.49680974991932647, -0.03873330000899525, -0.7689259954521002, 0.0002758156928638336, -0.639328830792555, 0.379436639262989, 0.0, 0.0, 0.0, 1.0]
[0.49649781576063534, -0.6301223948817816, -0.5970119727170432, 0.5266138320912458, -0.4029181975336616, -0.7764834282384029, 0.4844746408974371, -0.03773064932430582, -0.7688482242564858, 6.3869561707629175e-06, -0.6394224165290141, 0.37955584484929394, 0.0, 0.0, 0.0, 1.0]
[0.5048222140098543, -0.6137109237172365, -0.6070430594653118, 0.5274042741643652, -0.3923495302408263, -0.7895186161015675, 0.47191867483125377, -0.03670782984491573, -0.7688934420732174, -6.197104374107178e-05, -0.639368038222515, 0.37950095512619814, 0.0, 0.0, 0.0, 1.0]
[0.5128452775439426, -0.5971976340066353, -0.6167112587941669, 0.5281713774610263, -0.38184765205428556, -0.8020821234891599, 0.4591747423934702, -0.03583730516316045, -0.7688711457862848, 4.147962047849591e-06, -0.6393948539239306, 0.3794951237806806, 0.0, 0.0, 0.0, 1.0]
[0.5207633563766936, -0.5800939932418689, -0.6263264206936485, 0.5288492184881483, -0.37099895237404934, -0.8145377147000432, 0.4459514149376073, -0.03477759080179822, -0.7688602284510804, 0.00013129029768764358, -0.6394079685585949, 0.3795411422115763, 0.0, 0.0, 0.0, 1.0]
[0.5284740372393677, -0.562906439403787, -0.6354841103563077, 0.5296090219640357, -0.3598911692437127, -0.8265089751707817, 0.43283439575357524, -0.03371783285682626, -0.7688785893530428, -3.662106802196334e-05, -0.6393859017348518, 0.3794935938484169, 0.0, 0.0, 0.0, 1.0]
[0.5359016376762068, -0.5454406136147733, -0.6444320866688468, 0.5303085464321239, -0.3486728545815127, -0.8381379817359195, 0.41944737246275393, -0.03262548197780694, -0.7689066407016832, -8.655857902419518e-05, -0.6393521622750077, 0.3794897275023726, 0.0, 0.0, 0.0, 1.0]
[0.5430968752672409, -0.5278917757165366, -0.6529663183922471, 0.5309675624701161, -0.337476306633596, -0.8493003060366262, 0.40593429530519914, -0.031665432807233704, -0.7688538700150469, -0.00010098585691082936, -0.6394156198751688, 0.3795100468196811, 0.0, 0.0, 0.0, 1.0]
[0.550067720503679, -0.5098560195812365, -0.661408732590954, 0.5316246073725861, -0.3260060152743799, -0.8602485606247053, 0.39201555784466785, -0.03053389641131616, -0.7688474021325791, -1.1878925939756142e-05, -0.6394234049987237, 0.3795124225893118, 0.0, 0.0, 0.0, 1.0]
[0.556599134601179, -0.49181429254602266, -0.6695561837363901, 0.532236570319719, -0.3143990753190512, -0.8706890653662503, 0.3782026886500687, -0.02943589886916966, -0.768980735585068, 5.558344063081089e-07, -0.6392630468893228, 0.3794279504836591, 0.0, 0.0, 0.0, 1.0]
[0.5634355513995191, -0.4733933150871135, -0.6770736457170885, 0.5328796887219772, -0.3025768065538722, -0.8808401927427435, 0.36407572001685923, -0.02830867288725863, -0.7687446926359809, -0.0002664225360115873, -0.6395468304741853, 0.3795950438975166, 0.0, 0.0, 0.0, 1.0]
[0.569438506540791, -0.4549070211654465, -0.6846817960981791, 0.533426616512349, -0.2908406999225673, -0.8905281277548409, 0.34979200040796626, -0.02728889454192265, -0.7688512349202238, -5.1701510793303615e-05, -0.6394187943299485, 0.37949753943463904, 0.0, 0.0, 0.0, 1.0]
[0.575337432190265, -0.4361398271793402, -0.6919240238360163, 0.533993649832937, -0.2787938024065581, -0.8998682091504416, 0.33540145298129953, -0.026091741338850494, -0.7689223639364469, -6.488112945588292e-05, -0.6393332547088484, 0.37947259372702286, 0.0, 0.0, 0.0, 1.0]
[0.5813049624250591, -0.4171085379673607, -0.6986380697185983, 0.5345302175856761, -0.2664971773892769, -0.908846025459851, 0.3208751870536138, -0.024918694397694972, -0.7687942130406267, -0.0003412649566356122, -0.6394872648248586, 0.379556048989534, 0.0, 0.0, 0.0, 1.0]
[0.5867186125690004, -0.3980644905570062, -0.7051923513608066, 0.5350480247319798, -0.25438714269255247, -0.9173469064649277, 0.30617705107190957, -0.02383285401517751, -0.7687842338387505, -0.0002479072940606366, -0.639499304909025, 0.37955234433528484, 0.0, 0.0, 0.0, 1.0]
[0.591796715525859, -0.37877082690434494, -0.7115474706021631, 0.5355245851915353, -0.24215173648769311, -0.9254800935579252, 0.2912584987853915, -0.02272613701930247, -0.7688432420916558, -6.336735044757622e-05, -0.6394284040961459, 0.37945423157778296, 0.0, 0.0, 0.0, 1.0]
[0.5968836702307433, -0.35923575614136344, -0.7174051934709266, 0.5360051815768184, -0.22956938530588553, -0.9332364994671158, 0.27631458568655903, -0.021511493633121048, -0.7687707905763351, -0.00023339476251010296, -0.6395154713670401, 0.3795109307277833, 0.0, 0.0, 0.0, 1.0]
[0.601497962032632, -0.3396794525360085, -0.7230552425560063, 0.5364113092532377, -0.21708660339521033, -0.9405310113718588, 0.2612601851256801, -0.020302713895578122, -0.7688005952118724, -0.0001818622397814801, -0.6394796571278638, 0.3795498831903058, 0.0, 0.0, 0.0, 1.0]
[0.6060339456781256, -0.3198926879631081, -0.728273632147352, 0.5368457548803902, -0.2044883666678396, -0.9474436071878426, 0.24600209580000745, -0.01923274467363941, -0.7686924687315013, -0.0001621352376997331, -0.6396096353096218, 0.3795404166997545, 0.0, 0.0, 0.0, 1.0]
[0.6099351704957794, -0.29993703871474253, -0.733490262935399, 0.5372065107266663, -0.1915711722511973, -0.9539488752966988, 0.23078951812616993, -0.017941194258755525, -0.7689345360014693, -0.0002510545815508991, -0.6393185688700507, 0.3794418379444836, 0.0, 0.0, 0.0, 1.0]
[0.6139781840143701, -0.27983314104346085, -0.7380483975251887, 0.5375824659823971, -0.17866642476893282, -0.9600385528007517, 0.215373920822707, -0.016716882807704586, -0.7688236762196597, -0.0003704202985147226, -0.6394518255036539, 0.37949965709221906, 0.0, 0.0, 0.0, 1.0]
[0.6176964697412529, -0.2597069143146195, -0.7422902028073948, 0.537915374318241, -0.16594098445340416, -0.965677489633133, 0.19978010668513807, -0.015579412984622084, -0.768697214674957, -0.00022709961996453238, -0.6396039116430038, 0.3795782174769226, 0.0, 0.0, 0.0, 1.0]
[0.6208916272822664, -0.23950156636146128, -0.7464074357527283, 0.538212429088001, -0.15294979851086252, -0.9708860250467679, 0.18430433092172496, -0.014343229537735836, -0.7688177243062716, -0.00027014903576970135, -0.6394590318828346, 0.37952399495623723, 0.0, 0.0, 0.0, 1.0]
[0.6239852775448624, -0.21902027562263754, -0.7501093734927072, 0.5385263661557257, -0.13980657632925672, -0.9757103853172505, 0.16859614278843077, -0.013079991324230343, -0.7688154795030867, -0.0003312875703331644, -0.6394617020864043, 0.37948761634497014, 0.0, 0.0, 0.0, 1.0]
[0.6268665289914294, -0.19851577306361462, -0.7534066087111027, 0.5388112170019077, -0.12683063833824854, -0.9800878545555478, 0.15271863826105192, -0.011871089358089495, -0.7687217252752507, -0.00017916156791916634, -0.6395744675001696, 0.37947960376093154, 0.0, 0.0, 0.0, 1.0]
[0.6293280102690012, -0.17801776469381045, -0.7564705515662193, 0.5390287864086437, -0.11349392122469935, -0.9840173846160049, 0.13714964699557236, -0.010684866147362086, -0.7687952472779148, -0.0004573052645579998, -0.6394859489794047, 0.37943961572178203, 0.0, 0.0, 0.0, 1.0]
[0.6316115520057918, -0.15731471749898665, -0.7591513483492216, 0.5392285412015205, -0.10026498496009582, -0.9875386694746371, 0.12122433301625349, -0.009391627369853653, -0.7687616841811219, -0.0004503905925917142, -0.6395263023397266, 0.37949945466566537, 0.0, 0.0, 0.0, 1.0]
[0.6337436114658491, -0.13654282949391133, -0.7613914885851292, 0.5394301180479149, -0.08710472950200498, -0.9906243995311169, 0.1051523891083716, -0.008161224080298266, -0.7686107909246487, -0.0003188551694649804, -0.6397077271496122, 0.3795418191682378, 0.0, 0.0, 0.0, 1.0]
[0.6354043688287624, -0.11582836496731089, -0.7634376505404754, 0.5395982667950818, -0.07374547196069094, -0.9932594475070393, 0.08932063484504159, -0.006951144025094846, -0.7686375220738483, -0.0004546517554295232, -0.6396755255034521, 0.3795254625626433, 0.0, 0.0, 0.0, 1.0]
[0.6368114194464137, -0.09489711098251018, -0.7651521241997373, 0.5397201453649823, -0.06038262658354161, -0.9954773275679161, 0.07320982718697008, -0.005668535307167324, -0.768638992876841, -0.00041895897320477944, -0.6396737825140903, 0.37950874383377015, 0.0, 0.0, 0.0, 1.0]
[0.6378283271793873, -0.07401944907585899, -0.7666082493205933, 0.5398172771518533, -0.047004848315786565, -0.9972470489937626, 0.05718109268518308, -0.004413790320825141, -0.7687303273473494, -0.000437416216734766, -0.6395640036094461, 0.37945161311845244, 0.0, 0.0, 0.0, 1.0]
[0.6386108073268171, -0.05315173215133485, -0.7676869307987604, 0.539905475465324, -0.033604706278236855, -0.9985766809106157, 0.041183924220278785, -0.003107827147912368, -0.7687832642445809, -0.00050260527206515, -0.6395003210840458, 0.3793800884932655, 0.0, 0.0, 0.0, 1.0]
[0.6390869662422255, -0.032285961386747886, -0.7684514184196708, 0.5399406132522532, -0.020336971680549754, -0.9994689608895706, 0.025079131003253416, -0.0019468208556231005, -0.7688530445172093, -0.0003997710145814722, -0.6394164954995433, 0.3793281254353264, 0.0, 0.0, 0.0, 1.0]
[0.6395385508813106, -0.011290423198605733, -0.7686709900687524, 0.5399698102927641, -0.006831256218311301, -0.9999265052867734, 0.009003689546424814, -0.00063328225059427, -0.7687161522800997, -0.0005072180843630044, -0.6395809898685823, 0.3794158817427962, 0.0, 0.0, 0.0, 1.0]
[0.6394934134736552, 0.009758171898849859, -0.7687295211126958, 0.5399671431211547, 0.006679684713693687, -0.9999425977819647, -0.007136584264636275, 0.000645203272957328, -0.7687550343491395, -0.0005710721992068793, -0.6395341996600957, 0.37939851243746464, 0.0, 0.0, 0.0, 1.0]
[0.6390521045444961, 0.03046967274810891, -0.768554569283723, 0.5399734178355335, 0.019729907061398485, -0.999526008266132, -0.023221689221537015, 0.0018043437556481557, -0.7688978380420946, -0.00032364085547949777, -0.6393626726536429, 0.37941710523773314, 0.0, 0.0, 0.0, 1.0]
[0.638292373279417, 0.05153258968963358, -0.7680620698158511, 0.5398858201660296, 0.03332946820486116, -0.9986615439148572, -0.03930704647853688, 0.0031419869273918645, -0.7690596463628286, -0.0005097123518976033, -0.6391679067407289, 0.379415084197742, 0.0, 0.0, 0.0, 1.0]
[0.6374419742939927, 0.0723999304891511, -0.7670841252727757, 0.5397736564113196, 0.04665966211989277, -0.9973659032958408, -0.055361871215377494, 0.0043962187207338, -0.7690717471343247, -0.0005019056146212464, -0.6391533524671779, 0.37950454033547343, 0.0, 0.0, 0.0, 1.0]
[0.6362173370070733, 0.09328527666230461, -0.7658442377065, 0.5396526978769066, 0.06004970541344004, -0.995629589978979, -0.07139045779760875, 0.0055796787782902285, -0.769156862982185, -0.0005688739191454137, -0.6390508634742604, 0.37949733045942696, 0.0, 0.0, 0.0, 1.0]
[0.634861057864618, 0.11405903262559276, -0.7641557195513435, 0.53953506847641, 0.07338848706697354, -0.9934640738839635, -0.08731642203942168, 0.006863445378226451, -0.7691204808573536, -0.0006464360765469998, -0.6390945772882148, 0.37951032144621305, 0.0, 0.0, 0.0, 1.0]
[0.6332512607860464, 0.13482575112651865, -0.7621068079854068, 0.5393834542186866, 0.0866306482386034, -0.9908594277909725, -0.10331349159757895, 0.008121421137868312, -0.7690700347821715, -0.0005984079924531438, -0.6391553298504296, 0.3795372939900968, 0.0, 0.0, 0.0, 1.0]
[0.6311445562560918, 0.15560819517364932, -0.7598911125995887, 0.5391812490273138, 0.09987035411336763, -0.9878089425355037, -0.11933325810396211, 0.009349011334907903, -0.769196469296876, -0.0005740582703029922, -0.639003185048754, 0.379469412207053, 0.0, 0.0, 0.0, 1.0]
[0.6289039274253567, 0.17618765830798305, -0.7572513098871634, 0.5389880750947577, 0.11313534516055428, -0.9843465483746512, -0.1350679996180449, 0.010583359489669384, -0.7691950277046596, -0.0007270928880910478, -0.6390047645779765, 0.37940694758007043, 0.0, 0.0, 0.0, 1.0]
[0.6263438918643711, 0.1967644364327836, -0.7543001968665767, 0.538762186876601, 0.1262609508824483, -0.9804407140566923, -0.15091508837688447, 0.011849778248780977, -0.7692413459426513, -0.0007139163121586003, -0.638949019176993, 0.37935001083318065, 0.0, 0.0, 0.0, 1.0]
[0.6238512149123355, 0.2172715168122804, -0.7507292104836155, 0.5385133792942189, 0.13933282030354166, -0.9761011630178688, -0.16671582638271673, 0.013090941131921094, -0.7690102559393289, -0.0005953473469615057, -0.6392272567406487, 0.3795105760232477, 0.0, 0.0, 0.0, 1.0]
[0.6206582189281531, 0.23754903124266288, -0.7472250864442443, 0.5382053705029366, 0.152327211576227, -0.9713653958600716, -0.1822829530273827, 0.014246334077829045, -0.7691297307941961, -0.0006873008709173422, -0.6390834024006637, 0.3794279328236684, 0.0, 0.0, 0.0, 1.0]
[0.6173577800050696, 0.25783567510436195, -0.7432237335202881, 0.5378930619288342, 0.16525445853588622, -0.9661786109191781, -0.19791755052927826, 0.01550723174328049, -0.7691170797105152, -0.000635096035118543, -0.6390986818361108, 0.37941348678451825, 0.0, 0.0, 0.0, 1.0]
[0.6138187512269772, 0.27814217091570687, -0.738819822214251, 0.537572707559479, 0.17831190738740932, -0.9605296338196933, -0.21346969454635764, 0.01669430576617106, -0.7690332575560221, -0.0007086703834002903, -0.6391994679390679, 0.3794583751053305, 0.0, 0.0, 0.0, 1.0]
[0.6097937843847574, 0.29812694777747395, -0.7343452818119615, 0.5371794100000037, 0.1911395430879392, -0.954515770584805, -0.2287948284328471, 0.017940661805031063, -0.7691540564120156, -0.0008447573565951035, -0.6390539363487994, 0.3793795767691584, 0.0, 0.0, 0.0, 1.0]
[0.6059641001109727, 0.318035240978744, -0.7291447577288577, 0.5368464403297327, 0.20394536174893363, -0.9480683771462488, -0.24403797898469037, 0.01910812994614914, -0.7688917646190546, -0.0008274370539920862, -0.6393695231160091, 0.3794831664485224, 0.0, 0.0, 0.0, 1.0]
[0.6014937846173429, 0.3378469235577827, -0.7239167907316091, 0.5363952920200755, 0.21648578632663426, -0.9411905796170611, -0.25937663606410266, 0.020304951638522514, -0.7689732624002296, -0.0007042612090735457, -0.6392716486447038, 0.37947271576573416, 0.0, 0.0, 0.0, 1.0]
[0.5967577224509046, 0.35745398474924783, -0.7183992990395199, 0.5359540502831185, 0.22912315177167178, -0.9339200384575825, -0.2743686194306207, 0.021534590759929757, -0.7690016572925137, -0.0008703191830782721, -0.6392372859989175, 0.3794134993621969, 0.0, 0.0, 0.0, 1.0]
